3.618268002059497890e-02
-5.098949639562496550e-05
-2.491963358785050531e-04
-9.570456417222502178e-04
-1.327957464612615414e-04
1.185048000757374809e-03
-4.117756259520930114e-03
-6.243574656872515364e-04
-1.859723330670753585e-05
6.480520896826885030e-05
-1.968579853090662597e-04
-4.354670801214478165e-04
-7.513495755337715794e-04
-3.179987271909141475e-03
-2.949430144743675443e-04
3.914564347657788668e-04
-2.157566319423496852e-03
-1.040581511240507885e-03
-2.663220771563680348e-04
6.552449080972556255e-05
1.117141795371791747e-03
-1.743963828323450370e-04
-6.230774741405691302e-04
4.519474757044616227e-04
1.596470752483375530e-03
-1.569901475416555418e-05
-1.100355273511907477e-03
-8.513329696125202656e-04
-1.525010263974410456e-04
-1.181217584087414750e-03
-4.429663056254411744e-04
-4.362714140266199872e-03
-2.039124096754435208e-04
-1.361671164583461938e-03
-1.102990291928368071e-03
5.659126052911920722e-04
-1.138000760494787818e-04
-1.917613414824542208e-03
-2.489702566971478334e-03
1.416628938439102973e-03
-7.435882265646045304e-04
-2.360576997803951090e-03
-3.190241269026975520e-04
-5.390757708828298718e-07
-7.010006180968838055e-04
-6.868623265192603036e-04
2.084813142052315688e-03
4.027320253192367169e-06
-1.183882552188035347e-04
2.381198890487038389e-04
2.198587152383870661e-04
-5.521325729528642895e-04
-1.546922923528905422e-04
1.846827521427990733e-03
1.610096297288755342e-03
-9.303500418971730494e-04
-5.776402665025071612e-04
-2.419572360142370829e-03
-1.770554391191986223e-04
2.506881437291949913e-03
-1.198626942714052599e-03
2.224982499784600339e-03
-3.370309576555370005e-04
3.236205653472439166e-03
1.109659901412626191e-04
6.554532944365133252e-04
-9.410012546771576300e-04
-1.893094326289887584e-03
3.111905834379458634e-03
-2.833180960705252577e-03
-3.120823158658555369e-04
-4.043009619794453793e-03
-3.770222477657092855e-04
9.529072295842506068e-04
-1.007826541084101647e-03
2.218901990060691536e-03
-2.611686533672703467e-03
-1.407615586025843819e-03
-1.881956890196373217e-04
9.491510609206505974e-05
7.238930964460044788e-05
2.213564667624440437e-05
-4.912989791615677291e-04
-4.680014714904197392e-05
7.460314464807094731e-04
-1.373210214985778020e-03
2.250814953255698622e-03
-2.881139753556817649e-03
-2.070234212733356328e-04
6.947797774430844887e-04
6.668045763473377015e-04
5.002411381718847513e-04
-1.287043521041501912e-03
-3.695223146467356123e-03
2.250139673201684461e-03
2.328771201308832764e-03
-1.314596381583905006e-04
-3.110637149752748802e-04
4.412843219459794907e-04
-4.412144942064614474e-06
-6.308360598152936306e-04
-6.840332625368170626e-05
8.641551101412072670e-05
-8.705580966081153966e-04
-1.724793299800008242e-03
-5.895032692178853000e-04
-2.524683244756314830e-03
3.035088008756876756e-03
-5.063588204936913736e-04
-2.939305099734768317e-05
-1.833440545090411051e-05
2.059099348506815094e-04
1.657202727477648197e-03
-2.173498897559140997e-03
9.407340786263208767e-04
1.049016896089061297e-03
-6.803884183006758679e-04
-3.425438799010909570e-04
-1.253670313946566575e-04
3.668611624220053258e-04
-3.919513426481878470e-04
-1.758211826395970456e-04
-4.826668459961261023e-04
1.888615768332877528e-04
-2.159326379583960767e-04
9.553644096456725770e-05
-1.013788050018658978e-03
1.260805691175789604e-03
-1.132303328358736771e-03
3.056806002125387993e-03
5.299867578867836901e-04
2.223734707159058088e-03
-1.458023006168578150e-03
1.014075474218726052e-03
3.943948936987298802e-04
4.649591657822879295e-03
-3.012728339981819714e-03
-1.276019754337707948e-03
-7.116501509616334712e-04
-3.396032879764793134e-04
7.347317057578572896e-04
3.787763010411888238e-06
4.814651045915460757e-04
-1.229550939913700029e-04
-1.428290346726434972e-05
-2.364084505195610734e-04
6.408075815307989580e-04
2.733610123963884546e-04
-1.931900541559350925e-04
-7.990588104187648709e-05
-5.572093076529887213e-04
1.055467396869801816e-03
2.805623722415473073e-03
-3.296906449452667413e-03
5.257428132924043922e-04
-4.414000695288074032e-04
-7.350595296360732094e-04
-1.163446230705232100e-03
-7.251221890405939704e-04
1.708202222532665283e-03
-2.161948635710515387e-03
-7.781494052475281410e-04
7.001776538673911820e-04
2.026677773777605415e-04
2.972404371937962956e-04
-5.797275230434457277e-06
3.172840614098117315e-04
5.606845929447233374e-05
-7.449954412313181161e-05
-4.897786849492838813e-05
-2.946276020400842317e-04
-9.002995658140405528e-05
5.346482022705560796e-04
8.295570042280813990e-04
1.360162778937519350e-05
-2.799090833277047144e-05
1.014752910434306345e-03
1.187295533258819584e-03
3.668763461183361697e-04
-1.913078769768046528e-03
-1.998402596919503227e-03
-4.980828127220265650e-04
-6.381531392850381748e-04
3.204397682024865942e-04
-1.618900141323056279e-03
-1.833224855635737661e-03
1.042364274032020650e-03
-3.284185169613588161e-03
1.641134478861861661e-04
4.510703215126671056e-04
-9.643008925457536348e-04
-3.599774638633569993e-04
-2.863103987236346364e-04
-3.299840974059192310e-04
-1.610399125869624878e-04
2.999948347841310228e-05
-1.214702214046520321e-04
-1.021063525622434255e-04
1.697146674115880809e-04
1.742226957524387618e-04
-4.849611610579975126e-04
-2.124480451759046121e-04
2.435420155986657987e-04
-7.120650711352313929e-04
-1.289397966606135914e-03
-7.038602902671237593e-04
-1.511880899585211178e-03
1.498608971159423294e-03
6.576913975844438445e-04
5.929035714259065773e-04
-1.353934948474226781e-04
-5.684296985338501904e-04
-8.740524964431740582e-04
-8.064423342133477399e-04
1.223589943649088744e-03
6.925448753353166155e-04
-1.631472368142317542e-03
-7.055535982757499443e-04
4.790741929822170267e-04
3.122053006172257434e-04
-2.627143231390076774e-04
-3.155598119808833337e-05
-1.398436675075912840e-04
8.215636150897369372e-07
-1.190223444905792239e-04
-1.734540799883956506e-05
-7.089354121209411616e-05
1.652227764315066785e-04
1.971842509571818895e-04
5.508873648468390598e-05
-3.921793877031215471e-04
1.268330522517133966e-04
3.807675855152241502e-04
-8.558015613429816471e-04
-8.729249215433675145e-04
-9.091319213300420778e-04
5.297123250274992723e-04
4.794780818790377085e-04
1.594551040135673038e-03
-1.424564282527220494e-03
8.198349374123126750e-04
1.122760381190573021e-03
-5.496841096662718768e-04
-4.176362540796309079e-04
-7.520540390710412628e-04
1.394417261496636853e-03
7.065593481276284454e-04
1.606806246132997567e-03
-6.146425870545514972e-05
-1.387953501292496917e-04
2.431989648334312196e-04
1.844542168147825646e-04
9.308221033331118017e-05
5.182783094723132818e-05
-1.469970041911696575e-04
3.614320331837172400e-05
-2.834668244045298712e-05
-8.821441930033553386e-05
6.474736339233115481e-05
2.185038888128784315e-04
1.692728595800014040e-05
3.699959003139094947e-05
2.961274356329234307e-04
9.443498869754471717e-05
-5.319196510120915121e-04
-1.087143027390529348e-03
1.681572295196104641e-03
5.557138279820555277e-04
1.669720871664389945e-03
2.409151542329097864e-03
9.543699778706560277e-04
3.498057734203448635e-03
7.446812466313343544e-04
1.363174873751258178e-03
2.124888896828101056e-03
-3.778893865702063603e-04
9.770517539981616977e-04
-9.808717471882074865e-04
2.133039415796632570e-03
-1.345823553505251079e-04
-8.545217188582743522e-04
-1.616446640511406941e-04
4.536546742717133371e-04
-2.336336127045385985e-06
-8.801747630600830082e-05
-6.523974905801437638e-05
-1.015429265462317585e-05
6.064363745280851054e-05
-7.711277533504812048e-06
-8.242487565880715172e-05
-1.467670045324101589e-04
4.048248217074028842e-05
1.645152155300249859e-04
-1.871498325593214042e-04
-3.054523342367325314e-04
2.080221109789045413e-04
2.254253924333086316e-04
-9.627056357494748803e-04
-7.505022700686746770e-04
7.742713747229995787e-04
1.771938100350885399e-03
-1.405754970543561478e-03
3.121433978533537899e-03
1.091558615127797508e-03
-3.526346858151835047e-04
2.824527048125035061e-03
-1.899808363909090154e-03
-3.061712246931266521e-03
3.181117936587795399e-03
-1.014830519826143704e-04
-4.276149834648676376e-05
-3.960864303823497965e-04
-9.442377060376856788e-05
-9.689246814038421189e-04
-2.263469162882599927e-04
8.056649302647982342e-04
-9.012567282132505700e-05
-5.871958266823703362e-04
-1.271939102082801664e-04
-3.419315110925991402e-05
1.218095090489334977e-04
6.949595374258288674e-05
-5.296733577965929540e-05
-2.880547039741331548e-05
-2.032135066982034086e-05
-1.433020481221679169e-04
2.992433828033930774e-05
3.176109838318060246e-04
-1.526571655361798146e-04
-1.603447722055965398e-04
2.388416645238310891e-04
-1.014545031501304546e-04
-1.234253005358048249e-04
-2.894493862618651575e-04
2.488665053857933669e-04
1.288875953046542816e-03
-9.117727579741941903e-04
2.870450466722200035e-03
1.064996080426504560e-03
-3.079977816664217390e-03
-7.047579868568439390e-04
-5.162810498116105103e-03
-1.141472858322518024e-03
-1.748432616495672071e-03
-3.188949643297711058e-03
9.999476866473463489e-04
8.471472097561529024e-04
1.534763056940763814e-04
-2.423826739357786385e-03
6.852130864206599625e-04
5.130168718467449001e-04
1.726092440053654466e-04
-4.874745002457633262e-04
5.640687846872300499e-05
2.880332956931113114e-04
2.419202785896337445e-05
-5.403747854806456282e-05
-8.668661971370005079e-05
1.883540675512082856e-05
2.174488041904660055e-05
4.642007053589714341e-06
-3.171174099582182580e-05
-1.620981531694374797e-04
5.904706652471217697e-05
2.080658846121171811e-04
-1.437279133482533260e-04
-2.172040436576342867e-04
5.066748687858779092e-04
2.419389670931324367e-04
-2.231956950578705052e-04
-1.228914993890594829e-04
8.009941065580756994e-04
2.899941980784276991e-04
-8.419965385205601966e-05
-3.032895936580832716e-03
-7.710082495700914824e-04
-1.761045496693019108e-03
-1.494707319897296219e-03
1.025321213259280505e-03
-3.000181128731793656e-03
1.192288460056321062e-03
2.940250814768294221e-03
-2.168395672256124077e-03
-5.195661131030058621e-04
-3.799023589123157706e-05
1.329996473906492997e-05
1.306082145279249210e-03
5.763777874171981640e-04
-8.350449164157937917e-04
-6.067272025471403488e-04
-1.485509001962692036e-04
2.807656679660609214e-04
2.002264697754206754e-04
-1.173956750110168186e-04
-1.042853517170789861e-04
4.250980364593396179e-05
7.423341965139007310e-05
1.154263451649275261e-05
-2.227961042559504839e-05
6.505869630640413650e-06
-3.248656062753568774e-05
-1.612447061036043549e-04
6.631371107698432257e-05
1.940756128307153609e-04
-1.435754455626970963e-04
-2.356004371992714494e-04
4.061900112320238954e-04
6.574418873636742218e-05
-2.299515997564361867e-04
4.206542808715267893e-05
1.508448875681588563e-04
1.345779848627861957e-05
3.572517934558724017e-04
-7.019863967348284042e-04
7.948035855245543652e-04
-4.935705261063119340e-03
1.306534743036506059e-04
1.116442770676437206e-03
1.016135014687135772e-04
3.375344386724067440e-03
8.751533713828767505e-04
1.439819044517576642e-03
3.520712624547333615e-03
8.366613264577698250e-04
-5.291838706934407595e-04
-3.050686304028091267e-03
6.054691660966599444e-04
-7.151138267815191924e-04
3.203805777215394364e-05
-1.901923476131384670e-04
1.485329193904417555e-04
-4.145518269014906217e-05
-2.034686588803771758e-04
1.376289534214013895e-04
1.034705613359750273e-04
4.915741085036930027e-05
-5.359868537632131360e-05
-6.965894919450002064e-05
2.409584613878297359e-05
2.722574559579796303e-05
-1.403067297977710244e-06
-3.711138466165890722e-05
-1.497046852975650755e-04
4.329527781236653392e-05
1.995547819791693590e-04
-1.642637628532192561e-04
-1.397616230915523861e-04
3.728094157788136012e-04
5.479281336228411341e-05
-3.925801715170621213e-04
-1.323059632511743955e-04
1.090894794832255698e-04
-1.069217961416871372e-04
-6.872182078454641121e-04
-3.004794303625307490e-04
5.627348953307494909e-04
3.195699484757004698e-03
-6.822771588772644398e-04
-1.823917097487816742e-04
4.928857119865239726e-04
-4.097568692115994941e-03
1.462066229416575294e-03
-2.286212731323532742e-04
-2.569822581764687891e-03
-3.587954102151965242e-04
-5.330273513583832969e-04
-5.736415791021394570e-04
1.077283765224120674e-04
-2.335887234028449430e-03
-1.017688059150765982e-03
7.563949026020401695e-04
4.014307500584325021e-04
3.079285979500348200e-04
-3.722237498786932965e-04
3.442097096886505628e-06
4.990442298146200535e-05
-1.988769004266787051e-05
-1.673194136554176739e-04
-5.608910497024630591e-05
6.170624812702524189e-05
7.256836159514148434e-05
-6.396284731145871622e-06
-2.937278454678295646e-05
3.691519364597013048e-06
-3.543812656811720163e-05
-1.655164097706250843e-04
5.862507814714682311e-05
2.142179875911294799e-04
-1.983089888285387032e-04
-1.460924172781253119e-04
3.968471883057960630e-04
3.730896816214984528e-05
-3.199109147650958844e-04
4.169172046036118779e-05
2.771765140692504558e-04
1.059303418311193022e-04
-3.506715193579885721e-04
-3.944018566038851080e-04
-4.170334555420098519e-04
5.832455860737030540e-04
-8.093720008697908273e-04
4.347087918363920413e-04
4.460729031831360764e-04
3.306208465339771966e-04
-1.202243478131391225e-03
-6.260514158582153495e-04
-2.441692244989755885e-04
-6.276798030820360036e-04
-1.717831366136569589e-03
-2.031897536085408226e-03
1.831077424659559110e-04
9.951326796253496219e-04
-2.676820700421730058e-03
-3.340291229535073030e-04
8.558949532250318412e-05
-1.803340181288460653e-04
-1.730018235881623963e-04
-2.155581876358673727e-04
1.499423874654104189e-04
-1.397361321904758017e-04
-2.066488037316271823e-04
2.206709388774069852e-05
1.088689775596433972e-04
2.253218647635846401e-05
-6.993607778389395249e-05
-4.027929683322824294e-05
-5.639934417837232572e-06
3.137964297155208457e-05
-2.679355063135149470e-06
-2.635877433436485120e-05
-1.703989875499333125e-04
6.058567036165370991e-05
2.208211016190252118e-04
-1.926956908587527982e-04
-1.092374844041730348e-04
3.404880873278393061e-04
1.424076619887875653e-05
-2.477243546778363104e-04
-3.340769555757534988e-05
2.653785340194535821e-04
1.360897158999913514e-04
-3.064718097333845107e-04
5.042310607110693683e-05
8.880732987688800444e-04
9.247625450619782793e-04
2.254626617310294054e-04
-2.889095321131025795e-03
-3.247674286017127715e-04
-1.291995667443436666e-03
6.015285824474043714e-04
2.080714970633718366e-03
-1.624467490829272615e-04
-8.420437859420022361e-04
1.387409406238492536e-03
6.526683545559106925e-04
2.167282485589539474e-03
2.041196048494545948e-03
-5.002099235124215322e-05
-5.039573329037292954e-05
3.140428454168455786e-04
2.141341724649132748e-04
-5.284935279331812175e-04
-5.121821173865889710e-04
4.082059924730501127e-04
3.377416242442321699e-04
-2.157781780716107540e-04
4.360568764628100849e-05
1.587290313338497987e-04
-2.365239745240636446e-05
-1.492888606278730285e-04
-6.011268922787406984e-05
4.845971703140760159e-05
2.560908245769779289e-05
-7.492433326233404606e-06
-2.933599242017308868e-05
8.749056780573902237e-08
1.039705295665370041e-18
4.452317721082546677e-19
-9.158767506773873693e-19
3.092802740043955254e-18
9.538686599563729503e-19
4.476242792713882362e-19
-2.829925460793829419e-19
-1.026194317189928652e-18
7.653297091982876235e-19
-2.259223964739954513e-18
-2.529090837258783778e-20
-1.211982288388459161e-18
-1.799112273875433539e-18
-7.220826243394517722e-19
-1.298986569828640967e-18
-5.588330252865088898e-19
-2.493800551524230005e-18
-1.429553990765886412e-18
4.325747023960937400e-19
7.546503715812652658e-19
-5.687971919955458654e-19
-9.708429606245767086e-19
6.568495844617073499e-20
-7.010699355081841950e-19
1.276912043007091903e-18
-2.298710866304460518e-19
1.177420588324051086e-18
-8.426538522252496255e-19
-1.254692556720594529e-18
-4.652485850694726789e-19
-1.232123965384756813e-19
1.340834250356068104e-18
-1.638213983187692367e-18
3.366139630425703796e-19
-6.106949158515838053e-19
4.607814793092506835e-19
-1.887665837601071182e-18
-8.505098458274363819e-19
-5.761198849779198561e-19
-3.733242658353388908e-19
-8.161475818975521534e-19
1.642325340589507379e-18
-3.352163320809087384e-19
1.949870826009224531e-18
1.575564561151287229e-18
2.130657887838527220e-18
-1.290957204840437962e-18
6.057659467784318920e-19
4.884776260943290754e-19
