0.000000000000000000e+00 0.000000000000000000e+00 0.000000000000000000e+00
1.308996938995747039e-01 0.000000000000000000e+00 5.629270001008990221e-03
1.308996938995747039e-01 8.975979010256551760e-01 5.370740000216756016e-03
1.308996938995747039e-01 1.795195802051310352e+00 1.090310000108729582e-02
1.308996938995747039e-01 2.692793703076965528e+00 1.106340000296768267e-02
1.308996938995747039e-01 3.590391604102620704e+00 3.856420000374782830e-03
1.308996938995747039e-01 4.487989505128275880e+00 4.601860000548185781e-03
1.308996938995747039e-01 5.385587406153931056e+00 7.543000028817914426e-04
2.617993877991494078e-01 0.000000000000000000e+00 4.403370001455186866e-03
2.617993877991494078e-01 4.833219467061219965e-01 5.185140000321553089e-03
2.617993877991494078e-01 9.666438934122439930e-01 4.754540001158602536e-03
2.617993877991494078e-01 1.449965840118365934e+00 1.083182000184024218e-02
2.617993877991494078e-01 1.933287786824487986e+00 2.282156000001123175e-02
2.617993877991494078e-01 2.416609733530609816e+00 8.733060001759440638e-03
2.617993877991494078e-01 2.899931680236731868e+00 2.063636000093538314e-02
2.617993877991494078e-01 3.383253626942853920e+00 1.292343000022810884e-02
2.617993877991494078e-01 3.866575573648975972e+00 4.699300001448136754e-03
2.617993877991494078e-01 4.349897520355098024e+00 4.540910000287112780e-03
2.617993877991494078e-01 4.833219467061219632e+00 3.888830000505549833e-03
2.617993877991494078e-01 5.316541413767341240e+00 1.073890000043320470e-03
2.617993877991494078e-01 5.799863360473462848e+00 2.005400001507950947e-03
3.926990816987241395e-01 0.000000000000000000e+00 5.139590000908356160e-03
3.926990816987241395e-01 3.306939635357676877e-01 5.618730001515359618e-03
3.926990816987241395e-01 6.613879270715353753e-01 4.545120000329916365e-03
3.926990816987241395e-01 9.920818906073030075e-01 5.025420001402380876e-03
3.926990816987241395e-01 1.322775854143070751e+00 1.185760000225855038e-02
3.926990816987241395e-01 1.653469817678838494e+00 2.834457000062684529e-02
3.926990816987241395e-01 1.984163781214606237e+00 1.808608000101230573e-02
3.926990816987241395e-01 2.314857744750373758e+00 8.009010000023408793e-03
3.926990816987241395e-01 2.645551708286141501e+00 2.035574000001361128e-02
3.926990816987241395e-01 2.976245671821909244e+00 2.661000000080093741e-02
3.926990816987241395e-01 3.306939635357676988e+00 1.004421000106958672e-02
3.926990816987241395e-01 3.637633598893444731e+00 4.777220001415116712e-03
3.926990816987241395e-01 3.968327562429212474e+00 4.624610002792906016e-03
3.926990816987241395e-01 4.299021525964979773e+00 5.099670002891798504e-03
3.926990816987241395e-01 4.629715489500747516e+00 3.855980001389980316e-03
3.926990816987241395e-01 4.960409453036515259e+00 1.417900002707028762e-03
3.926990816987241395e-01 5.291103416572283002e+00 6.051800010027363896e-04
3.926990816987241395e-01 5.621797380108050746e+00 3.064570000788080506e-03
3.926990816987241395e-01 5.952491343643818489e+00 5.663990003085928038e-03
5.235987755982988157e-01 0.000000000000000000e+00 5.622720000246772543e-03
5.235987755982988157e-01 2.513274122871834715e-01 4.686290001700399444e-03
5.235987755982988157e-01 5.026548245743669430e-01 4.651570003261440434e-03
5.235987755982988157e-01 7.539822368615504145e-01 6.979870002396637574e-03
5.235987755982988157e-01 1.005309649148733886e+00 1.564675000008719508e-02
5.235987755982988157e-01 1.256637061435917246e+00 2.629610000076354481e-02
5.235987755982988157e-01 1.507964473723100607e+00 1.744996000161336269e-02
5.235987755982988157e-01 1.759291886010283967e+00 7.171510000262060203e-03
5.235987755982988157e-01 2.010619298297467328e+00 8.392480001930380240e-03
5.235987755982988157e-01 2.261946710584650688e+00 1.767402000041329302e-02
5.235987755982988157e-01 2.513274122871834049e+00 1.717720000124245416e-02
5.235987755982988157e-01 2.764601535159017409e+00 8.149290000801556744e-03
5.235987755982988157e-01 3.015928947446200770e+00 4.258270000718766823e-03
5.235987755982988157e-01 3.267256359733384130e+00 4.395120000481256284e-03
5.235987755982988157e-01 3.518583772020567491e+00 6.001110001307097264e-03
5.235987755982988157e-01 3.769911184307750851e+00 6.989040000917157158e-03
5.235987755982988157e-01 4.021238596594934656e+00 5.428660000688978471e-03
5.235987755982988157e-01 4.272566008882118460e+00 2.578360001280088909e-03
5.235987755982988157e-01 4.523893421169302265e+00 5.529900008696131408e-04
5.235987755982988157e-01 4.775220833456486069e+00 8.306200015795184299e-04
5.235987755982988157e-01 5.026548245743669874e+00 3.088430001298547722e-03
5.235987755982988157e-01 5.277875658030853678e+00 5.437650001113070175e-03
5.235987755982988157e-01 5.529203070318037483e+00 5.790500001239706762e-03
5.235987755982988157e-01 5.780530482605221287e+00 4.806630002349265851e-03
5.235987755982988157e-01 6.031857894892405092e+00 4.570590002913377248e-03
6.544984694978734918e-01 0.000000000000000000e+00 5.858550000994000584e-03
6.544984694978734918e-01 2.094395102393195318e-01 1.059818000067025423e-02
6.544984694978734918e-01 4.188790204786390636e-01 2.048433000345539767e-02
6.544984694978734918e-01 6.283185307179586232e-01 2.389502000005450100e-02
6.544984694978734918e-01 8.377580409572781273e-01 1.394896000056178309e-02
6.544984694978734918e-01 1.047197551196597631e+00 6.391270000676740892e-03
6.544984694978734918e-01 1.256637061435917246e+00 6.275160001678159460e-03
6.544984694978734918e-01 1.466076571675236861e+00 1.075101000060385559e-02
6.544984694978734918e-01 1.675516081914556477e+00 1.222173000132897869e-02
6.544984694978734918e-01 1.884955592153876092e+00 8.223260003433097154e-03
6.544984694978734918e-01 2.094395102393195707e+00 4.679610003222478554e-03
6.544984694978734918e-01 2.303834612632515100e+00 4.222430001391330734e-03
6.544984694978734918e-01 2.513274122871834493e+00 6.387590001395437866e-03
6.544984694978734918e-01 2.722713633111153886e+00 1.040523000119719654e-02
6.544984694978734918e-01 2.932153143350473279e+00 1.301062000129604712e-02
6.544984694978734918e-01 3.141592653589792672e+00 1.070662000347510912e-02
6.544984694978734918e-01 3.351032163829112065e+00 5.819300000439397991e-03
6.544984694978734918e-01 3.560471674068431458e+00 2.215010001236805692e-03
6.544984694978734918e-01 3.769911184307750851e+00 8.908200015866896138e-04
6.544984694978734918e-01 3.979350694547070244e+00 1.493550000304821879e-03
6.544984694978734918e-01 4.188790204786389637e+00 3.239010000470443629e-03
6.544984694978734918e-01 4.398229715025709474e+00 4.973820001396234147e-03
6.544984694978734918e-01 4.607669225265029311e+00 5.462650002300506458e-03
6.544984694978734918e-01 4.817108735504349148e+00 4.830740001125377603e-03
6.544984694978734918e-01 5.026548245743668986e+00 4.467460001251311041e-03
6.544984694978734918e-01 5.235987755982988823e+00 4.939220001688227057e-03
6.544984694978734918e-01 5.445427266222308660e+00 7.859990002543781884e-03
6.544984694978734918e-01 5.654866776461628497e+00 1.561137000135204289e-02
6.544984694978734918e-01 5.864306286700948334e+00 2.446240000062971376e-02
6.544984694978734918e-01 6.073745796940268171e+00 1.906771000176377129e-02
7.853981633974481680e-01 0.000000000000000000e+00 9.611780000341241248e-03
7.853981633974481680e-01 1.847995678582231294e-01 5.544280000322032720e-03
7.853981633974481680e-01 3.695991357164462587e-01 6.996500000241212547e-03
7.853981633974481680e-01 5.543987035746693603e-01 1.057842000227537937e-02
7.853981633974481680e-01 7.391982714328925175e-01 1.069747000110510271e-02
7.853981633974481680e-01 9.239978392911156746e-01 7.647710001037921757e-03
7.853981633974481680e-01 1.108797407149338721e+00 5.356530000426573679e-03
7.853981633974481680e-01 1.293596975007561767e+00 5.328500001269276254e-03
7.853981633974481680e-01 1.478396542865784813e+00 7.826990000467048958e-03
7.853981633974481680e-01 1.663196110724007859e+00 1.389266000296629500e-02
7.853981633974481680e-01 1.847995678582230905e+00 2.079719000175828114e-02
7.853981633974481680e-01 2.032795246440453951e+00 2.138084000034723431e-02
7.853981633974481680e-01 2.217594814298676997e+00 1.448852999965311028e-02
7.853981633974481680e-01 2.402394382156900043e+00 7.280170000740326941e-03
7.853981633974481680e-01 2.587193950015123090e+00 3.388670000276761129e-03
7.853981633974481680e-01 2.771993517873346136e+00 2.253280001241364516e-03
7.853981633974481680e-01 2.956793085731569182e+00 2.998140002091531642e-03
7.853981633974481680e-01 3.141592653589792228e+00 4.164520001722848974e-03
7.853981633974481680e-01 3.326392221448015274e+00 5.148830001417081803e-03
7.853981633974481680e-01 3.511191789306238320e+00 5.122100001244689338e-03
7.853981633974481680e-01 3.695991357164461366e+00 4.518020001341938041e-03
7.853981633974481680e-01 3.880790925022684412e+00 3.989070000898209400e-03
7.853981633974481680e-01 4.065590492880907902e+00 4.130819999772938900e-03
7.853981633974481680e-01 4.250390060739131393e+00 5.728750000344007276e-03
7.853981633974481680e-01 4.435189628597354883e+00 1.050866000150563195e-02
7.853981633974481680e-01 4.619989196455578373e+00 1.977188000273599755e-02
7.853981633974481680e-01 4.804788764313801863e+00 2.445477000037499238e-02
7.853981633974481680e-01 4.989588332172025353e+00 1.655516000209900085e-02
7.853981633974481680e-01 5.174387900030248844e+00 8.018700000320677646e-03
7.853981633974481680e-01 5.359187467888472334e+00 5.490540001119370572e-03
7.853981633974481680e-01 5.543987035746695824e+00 7.868670003517763689e-03
7.853981633974481680e-01 5.728786603604919314e+00 1.106286000140244141e-02
7.853981633974481680e-01 5.913586171463142804e+00 1.008612000077846460e-02
7.853981633974481680e-01 6.098385739321366295e+00 6.885320000947103836e-03
9.162978572970228441e-01 0.000000000000000000e+00 5.431420000604703091e-03
9.162978572970228441e-01 1.611073155687073322e-01 5.846280002515413798e-03
9.162978572970228441e-01 3.222146311374146643e-01 8.465320001050713472e-03
9.162978572970228441e-01 4.833219467061219965e-01 1.448491000155627262e-02
9.162978572970228441e-01 6.444292622748293287e-01 2.298815000176546164e-02
9.162978572970228441e-01 8.055365778435366053e-01 2.804613000080280472e-02
9.162978572970228441e-01 9.666438934122438820e-01 2.364948000104050152e-02
9.162978572970228441e-01 1.127751208980951159e+00 1.469730000098934397e-02
9.162978572970228441e-01 1.288858524549658435e+00 7.738610000160406344e-03
9.162978572970228441e-01 1.449965840118365712e+00 4.650480001146206632e-03
9.162978572970228441e-01 1.611073155687072989e+00 4.637460000594728626e-03
9.162978572970228441e-01 1.772180471255780265e+00 6.270180001592962071e-03
9.162978572970228441e-01 1.933287786824487542e+00 7.959690001371200196e-03
9.162978572970228441e-01 2.094395102393194819e+00 8.431460000792867504e-03
9.162978572970228441e-01 2.255502417961902317e+00 7.233600001200102270e-03
9.162978572970228441e-01 2.416609733530609816e+00 5.343730001186486334e-03
9.162978572970228441e-01 2.577717049099317315e+00 3.825660000075004064e-03
9.162978572970228441e-01 2.738824364668024813e+00 3.247900000133085996e-03
9.162978572970228441e-01 2.899931680236732312e+00 3.726030001416802406e-03
9.162978572970228441e-01 3.061038995805439811e+00 6.426570000257925130e-03
9.162978572970228441e-01 3.222146311374147309e+00 1.244194000173592940e-02
9.162978572970228441e-01 3.383253626942854808e+00 1.954859000034048222e-02
9.162978572970228441e-01 3.544360942511562307e+00 1.922861000093689654e-02
9.162978572970228441e-01 3.705468258080269806e+00 1.210792000165383797e-02
9.162978572970228441e-01 3.866575573648977304e+00 6.443930000386899337e-03
9.162978572970228441e-01 4.027682889217684803e+00 5.313050000040675513e-03
9.162978572970228441e-01 4.188790204786392302e+00 7.728880000286153518e-03
9.162978572970228441e-01 4.349897520355099800e+00 1.072583000131999142e-02
9.162978572970228441e-01 4.511004835923807299e+00 1.037660000110918190e-02
9.162978572970228441e-01 4.672112151492514798e+00 7.653940001546288840e-03
9.162978572970228441e-01 4.833219467061222296e+00 5.616720000034547411e-03
9.162978572970228441e-01 4.994326782629929795e+00 5.533800000193878077e-03
9.162978572970228441e-01 5.155434098198637294e+00 7.386860002952744253e-03
9.162978572970228441e-01 5.316541413767344793e+00 1.246533000085037202e-02
9.162978572970228441e-01 5.477648729336052291e+00 2.054692000092472881e-02
9.162978572970228441e-01 5.638756044904759790e+00 2.751792000162822660e-02
9.162978572970228441e-01 5.799863360473467289e+00 2.571216000069398433e-02
9.162978572970228441e-01 5.960970676042174787e+00 1.721454000107769389e-02
9.162978572970228441e-01 6.122077991610882286e+00 9.272900000723893754e-03
1.047197551196597631e+00 0.000000000000000000e+00 5.304020001858589239e-03
1.047197551196597631e+00 1.495996501709425386e-01 4.353390000687795691e-03
1.047197551196597631e+00 2.991993003418850772e-01 5.605470001682988368e-03
1.047197551196597631e+00 4.487989505128275880e-01 7.638520000909920782e-03
1.047197551196597631e+00 5.983986006837701543e-01 9.218080000209738500e-03
1.047197551196597631e+00 7.479982508547127207e-01 9.038310001415084116e-03
1.047197551196597631e+00 8.975979010256552870e-01 7.405850001305225305e-03
1.047197551196597631e+00 1.047197551196597853e+00 5.151780000232974999e-03
1.047197551196597631e+00 1.196797201367540309e+00 3.637330000856309198e-03
1.047197551196597631e+00 1.346396851538482764e+00 2.983910000693867914e-03
1.047197551196597631e+00 1.495996501709425219e+00 3.608050001275842078e-03
1.047197551196597631e+00 1.645596151880367675e+00 6.141490002846694551e-03
1.047197551196597631e+00 1.795195802051310130e+00 1.108521000060136430e-02
1.047197551196597631e+00 1.944795452222252585e+00 1.562921999902755488e-02
1.047197551196597631e+00 2.094395102393195263e+00 1.470220000010158401e-02
1.047197551196597631e+00 2.243994752564137940e+00 9.530560002531274222e-03
1.047197551196597631e+00 2.393594402735080617e+00 5.517280002095503733e-03
1.047197551196597631e+00 2.543194052906023295e+00 4.694160001236014068e-03
1.047197551196597631e+00 2.692793703076965972e+00 6.386450000718468800e-03
1.047197551196597631e+00 2.842393353247908649e+00 8.564400000977911986e-03
1.047197551196597631e+00 2.991993003418851327e+00 8.710860000064712949e-03
1.047197551196597631e+00 3.141592653589794004e+00 6.993300001340685412e-03
1.047197551196597631e+00 3.291192303760736682e+00 5.360970000765519217e-03
1.047197551196597631e+00 3.440791953931679359e+00 5.102900000565568916e-03
1.047197551196597631e+00 3.590391604102622036e+00 6.586290000996086746e-03
1.047197551196597631e+00 3.739991254273564714e+00 1.072644000305444933e-02
1.047197551196597631e+00 3.889590904444507391e+00 1.801103000070725102e-02
1.047197551196597631e+00 4.039190554615450068e+00 2.617481000015686732e-02
1.047197551196597631e+00 4.188790204786392302e+00 2.846225000030244701e-02
1.047197551196597631e+00 4.338389854957334535e+00 2.227761000176542439e-02
1.047197551196597631e+00 4.487989505128276768e+00 1.360147000013967045e-02
1.047197551196597631e+00 4.637589155299219001e+00 7.371360001343418844e-03
1.047197551196597631e+00 4.787188805470161235e+00 4.600370000844122842e-03
1.047197551196597631e+00 4.936788455641103468e+00 4.651770001146360300e-03
1.047197551196597631e+00 5.086388105812045701e+00 6.346840002152021043e-03
1.047197551196597631e+00 5.235987755982987935e+00 8.373520002351142466e-03
1.047197551196597631e+00 5.385587406153930168e+00 9.401450000950717367e-03
1.047197551196597631e+00 5.535187056324872401e+00 8.529700000508455560e-03
1.047197551196597631e+00 5.684786706495814634e+00 6.520420001834281720e-03
1.047197551196597631e+00 5.834386356666756868e+00 4.468220002308953553e-03
1.047197551196597631e+00 5.983986006837699101e+00 3.317200000310549513e-03
1.047197551196597631e+00 6.133585657008641334e+00 3.050880000955658033e-03
1.178097245096172418e+00 0.000000000000000000e+00 4.204560000289347954e-03
1.178097245096172418e+00 1.396263401595463638e-01 7.279680003193789162e-03
1.178097245096172418e+00 2.792526803190927276e-01 1.217786000052001327e-02
1.178097245096172418e+00 4.188790204786391191e-01 1.530703000025823712e-02
1.178097245096172418e+00 5.585053606381854552e-01 1.322125000115192961e-02
1.178097245096172418e+00 6.981317007977317912e-01 8.413420000579208136e-03
1.178097245096172418e+00 8.377580409572781273e-01 5.150110000613494776e-03
1.178097245096172418e+00 9.773843811168244633e-01 4.627220001566456631e-03
1.178097245096172418e+00 1.117010721276370910e+00 5.996940002660267055e-03
1.178097245096172418e+00 1.256637061435917246e+00 7.499440000174217857e-03
1.178097245096172418e+00 1.396263401595463582e+00 7.730840001386241056e-03
1.178097245096172418e+00 1.535889741755009918e+00 6.781910000427160412e-03
1.178097245096172418e+00 1.675516081914556255e+00 5.980810001346981153e-03
1.178097245096172418e+00 1.815142422074102591e+00 6.014540000251145102e-03
1.178097245096172418e+00 1.954768762233648927e+00 7.688650002819485962e-03
1.178097245096172418e+00 2.094395102393195263e+00 1.218352000068989582e-02
1.178097245096172418e+00 2.234021442552741821e+00 2.103088000149000436e-02
1.178097245096172418e+00 2.373647782712288379e+00 3.296801000033156015e-02
1.178097245096172418e+00 2.513274122871834937e+00 3.945897000085096806e-02
1.178097245096172418e+00 2.652900463031381495e+00 3.321339000103762373e-02
1.178097245096172418e+00 2.792526803190928053e+00 2.130664000105753075e-02
1.178097245096172418e+00 2.932153143350474611e+00 1.188597000145819038e-02
1.178097245096172418e+00 3.071779483510021169e+00 7.054330000755726360e-03
1.178097245096172418e+00 3.211405823669567727e+00 5.780440000307862647e-03
1.178097245096172418e+00 3.351032163829114285e+00 6.796230001782532781e-03
1.178097245096172418e+00 3.490658503988660843e+00 8.549340000172378495e-03
1.178097245096172418e+00 3.630284844148207402e+00 9.922240000378224067e-03
1.178097245096172418e+00 3.769911184307753960e+00 9.805100000448874198e-03
1.178097245096172418e+00 3.909537524467300518e+00 8.201520000511663966e-03
1.178097245096172418e+00 4.049163864626846632e+00 5.933370001002913341e-03
1.178097245096172418e+00 4.188790204786393190e+00 4.117250000490457751e-03
1.178097245096172418e+00 4.328416544945939748e+00 3.183350001563667320e-03
1.178097245096172418e+00 4.468042885105486306e+00 3.139330001431517303e-03
1.178097245096172418e+00 4.607669225265032864e+00 4.554200002530706115e-03
1.178097245096172418e+00 4.747295565424579422e+00 7.967560000906814821e-03
1.178097245096172418e+00 4.886921905584125980e+00 1.291899000170815270e-02
1.178097245096172418e+00 5.026548245743672538e+00 1.536242000111087691e-02
1.178097245096172418e+00 5.166174585903219096e+00 1.249823000034666620e-02
1.178097245096172418e+00 5.305800926062765654e+00 7.737350000752485357e-03
1.178097245096172418e+00 5.445427266222312213e+00 4.880270000285236165e-03
1.178097245096172418e+00 5.585053606381858771e+00 4.755140000270330347e-03
1.178097245096172418e+00 5.724679946541405329e+00 6.271330003073671833e-03
1.178097245096172418e+00 5.864306286700951887e+00 7.651800000530784018e-03
1.178097245096172418e+00 6.003932626860498445e+00 7.643910001206677407e-03
1.178097245096172418e+00 6.143558967020045003e+00 6.604660000448348001e-03
1.308996938995747206e+00 0.000000000000000000e+00 5.988419999994221143e-03
1.308996938995747206e+00 1.336847937697784316e-01 6.252720000702538528e-03
1.308996938995747206e+00 2.673695875395568633e-01 8.161620000464608893e-03
1.308996938995747206e+00 4.010543813093352949e-01 1.291086000128416345e-02
1.308996938995747206e+00 5.347391750791137266e-01 2.209511000182828866e-02
1.308996938995747206e+00 6.684239688488922138e-01 3.483370000321883708e-02
1.308996938995747206e+00 8.021087626186707009e-01 4.273471000124118291e-02
1.308996938995747206e+00 9.357935563884491881e-01 3.727253000033670105e-02
1.308996938995747206e+00 1.069478350158227675e+00 2.471030000015161932e-02
1.308996938995747206e+00 1.203163143928006162e+00 1.423489999979210552e-02
1.308996938995747206e+00 1.336847937697784650e+00 8.573520000936696306e-03
1.308996938995747206e+00 1.470532731467563137e+00 6.960160000744508579e-03
1.308996938995747206e+00 1.604217525237341624e+00 8.143290000589331612e-03
1.308996938995747206e+00 1.737902319007120111e+00 1.041882000208715908e-02
1.308996938995747206e+00 1.871587112776898598e+00 1.231194000138202682e-02
1.308996938995747206e+00 2.005271906546676863e+00 1.242806000118434895e-02
1.308996938995747206e+00 2.138956700316455350e+00 1.047513000048638787e-02
1.308996938995747206e+00 2.272641494086233838e+00 7.605020000482909381e-03
1.308996938995747206e+00 2.406326287856012325e+00 5.052250000517233275e-03
1.308996938995747206e+00 2.540011081625790812e+00 3.507400000671623275e-03
1.308996938995747206e+00 2.673695875395569299e+00 2.873770001315278932e-03
1.308996938995747206e+00 2.807380669165347786e+00 3.563550000762916170e-03
1.308996938995747206e+00 2.941065462935126273e+00 5.991040001390501857e-03
1.308996938995747206e+00 3.074750256704904761e+00 1.026640000236511696e-02
1.308996938995747206e+00 3.208435050474683248e+00 1.379864000045927241e-02
1.308996938995747206e+00 3.342119844244461735e+00 1.320972999928926583e-02
1.308996938995747206e+00 3.475804638014240222e+00 9.126180000748718157e-03
1.308996938995747206e+00 3.609489431784018709e+00 5.644060000122408383e-03
1.308996938995747206e+00 3.743174225553797196e+00 4.432650001035653986e-03
1.308996938995747206e+00 3.876859019323575684e+00 5.353760001526097767e-03
1.308996938995747206e+00 4.010543813093353727e+00 6.963820000237319618e-03
1.308996938995747206e+00 4.144228606863132214e+00 7.780200003253412433e-03
1.308996938995747206e+00 4.277913400632910701e+00 7.259510000949376263e-03
1.308996938995747206e+00 4.411598194402689188e+00 6.265250000069499947e-03
1.308996938995747206e+00 4.545282988172467675e+00 5.940990000453894027e-03
1.308996938995747206e+00 4.678967781942246162e+00 6.779690000257687643e-03
1.308996938995747206e+00 4.812652575712024650e+00 9.654360001150052994e-03
1.308996938995747206e+00 4.946337369481803137e+00 1.605408000068564434e-02
1.308996938995747206e+00 5.080022163251581624e+00 2.710640000077546574e-02
1.308996938995747206e+00 5.213706957021360111e+00 3.930307000155153219e-02
1.308996938995747206e+00 5.347391750791138598e+00 4.213621000053535681e-02
1.308996938995747206e+00 5.481076544560917085e+00 3.233467000063683372e-02
1.308996938995747206e+00 5.614761338330695573e+00 1.993265000237443019e-02
1.308996938995747206e+00 5.748446132100474060e+00 1.136472000143839978e-02
1.308996938995747206e+00 5.882130925870252547e+00 7.482940000045346096e-03
1.308996938995747206e+00 6.015815719640031034e+00 7.217100001071230508e-03
1.308996938995747206e+00 6.149500513409809521e+00 9.018550001201219857e-03
1.439896632895321993e+00 0.000000000000000000e+00 1.131266000265895855e-02
1.439896632895321993e+00 1.308996938995747039e-01 1.265406000129587483e-02
1.439896632895321993e+00 2.617993877991494078e-01 1.201184000092325732e-02
1.439896632895321993e+00 3.926990816987241395e-01 9.667270001955330372e-03
1.439896632895321993e+00 5.235987755982988157e-01 6.722500002069864422e-03
1.439896632895321993e+00 6.544984694978734918e-01 4.461450000235345215e-03
1.439896632895321993e+00 7.853981633974481680e-01 3.194050003003212623e-03
1.439896632895321993e+00 9.162978572970228441e-01 2.921030003562918864e-03
1.439896632895321993e+00 1.047197551196597631e+00 3.956580001613474451e-03
1.439896632895321993e+00 1.178097245096172418e+00 6.746710001607425511e-03
1.439896632895321993e+00 1.308996938995747206e+00 1.081185000111872796e-02
1.439896632895321993e+00 1.439896632895321993e+00 1.312895000228309073e-02
1.439896632895321993e+00 1.570796326794896780e+00 1.141321000068273861e-02
1.439896632895321993e+00 1.701696020694471567e+00 7.583320000776438974e-03
1.439896632895321993e+00 1.832595714594046354e+00 4.939570000715320930e-03
1.439896632895321993e+00 1.963495408493621142e+00 4.441120003320975229e-03
1.439896632895321993e+00 2.094395102393195707e+00 5.580780001764651388e-03
1.439896632895321993e+00 2.225294796292770272e+00 6.938210000953404233e-03
1.439896632895321993e+00 2.356194490192344837e+00 7.436930000039865263e-03
1.439896632895321993e+00 2.487094184091919402e+00 6.854130000647273846e-03
1.439896632895321993e+00 2.617993877991493967e+00 6.157470001198817044e-03
1.439896632895321993e+00 2.748893571891068532e+00 6.087750000006053597e-03
1.439896632895321993e+00 2.879793265790643098e+00 7.277010001416783780e-03
1.439896632895321993e+00 3.010692959690217663e+00 1.079048000246984884e-02
1.439896632895321993e+00 3.141592653589792228e+00 1.815152000017405953e-02
1.439896632895321993e+00 3.272492347489366793e+00 3.017357000317133497e-02
1.439896632895321993e+00 3.403392041388941358e+00 4.189060000317113008e-02
1.439896632895321993e+00 3.534291735288515923e+00 4.250667000087560154e-02
1.439896632895321993e+00 3.665191429188090488e+00 3.134436000073037576e-02
1.439896632895321993e+00 3.796091123087665054e+00 1.902808000158984214e-02
1.439896632895321993e+00 3.926990816987239619e+00 1.093524000134493690e-02
1.439896632895321993e+00 4.057890510886814184e+00 7.398080002531060018e-03
1.439896632895321993e+00 4.188790204786388749e+00 7.309040000109234825e-03
1.439896632895321993e+00 4.319689898685963314e+00 9.124789999987115152e-03
1.439896632895321993e+00 4.450589592585537879e+00 1.140931000009004492e-02
1.439896632895321993e+00 4.581489286485112444e+00 1.267385000028298236e-02
1.439896632895321993e+00 4.712388980384687009e+00 1.192888000150560401e-02
1.439896632895321993e+00 4.843288674284261575e+00 9.536870002193609253e-03
1.439896632895321993e+00 4.974188368183836140e+00 6.597080000574351288e-03
1.439896632895321993e+00 5.105088062083410705e+00 4.379680000056396239e-03
1.439896632895321993e+00 5.235987755982985270e+00 3.152840001348522492e-03
1.439896632895321993e+00 5.366887449882559835e+00 2.940340000350261107e-03
1.439896632895321993e+00 5.497787143782134400e+00 4.044930001327884383e-03
1.439896632895321993e+00 5.628686837681708965e+00 6.922670003405073658e-03
1.439896632895321993e+00 5.759586531581283531e+00 1.098425000236602500e-02
1.439896632895321993e+00 5.890486225480858096e+00 1.314832000025489833e-02
1.439896632895321993e+00 6.021385919380432661e+00 1.124685000286262948e-02
1.439896632895321993e+00 6.152285613280007226e+00 7.419170000503072515e-03
1.570796326794896780e+00 0.000000000000000000e+00 4.863040001509943977e-03
1.570796326794896780e+00 1.308996938995747039e-01 4.466719999982160516e-03
1.570796326794896780e+00 2.617993877991494078e-01 5.651790001138579100e-03
1.570796326794896780e+00 3.926990816987241395e-01 6.991760001255897805e-03
1.570796326794896780e+00 5.235987755982988157e-01 7.429780000165919773e-03
1.570796326794896780e+00 6.544984694978734918e-01 6.808390000514918938e-03
1.570796326794896780e+00 7.853981633974481680e-01 6.141550000393181108e-03
1.570796326794896780e+00 9.162978572970228441e-01 6.109190000643138774e-03
1.570796326794896780e+00 1.047197551196597631e+00 7.379780001429026015e-03
1.570796326794896780e+00 1.178097245096172418e+00 1.103395000063756015e-02
1.570796326794896780e+00 1.308996938995747206e+00 1.861721000022953376e-02
1.570796326794896780e+00 1.439896632895321993e+00 3.080762000172398984e-02
1.570796326794896780e+00 1.570796326794896780e+00 4.224204000274767168e-02
1.570796326794896780e+00 1.701696020694471567e+00 4.217640000024402980e-02
1.570796326794896780e+00 1.832595714594046354e+00 3.072432000044500455e-02
1.570796326794896780e+00 1.963495408493621142e+00 1.853976000165857840e-02
1.570796326794896780e+00 2.094395102393195707e+00 1.067876000161049888e-02
1.570796326794896780e+00 2.225294796292770272e+00 7.324130003325990401e-03
1.570796326794896780e+00 2.356194490192344837e+00 7.366220001131296158e-03
1.570796326794896780e+00 2.487094184091919402e+00 9.231420001015067101e-03
1.570796326794896780e+00 2.617993877991493967e+00 1.150353000048198737e-02
1.570796326794896780e+00 2.748893571891068532e+00 1.269005000176548492e-02
1.570796326794896780e+00 2.879793265790643098e+00 1.184202000149525702e-02
1.570796326794896780e+00 3.010692959690217663e+00 9.404310001627891324e-03
1.570796326794896780e+00 3.141592653589792228e+00 6.474670002717175521e-03
1.570796326794896780e+00 3.272492347489366793e+00 4.300440001316019334e-03
1.570796326794896780e+00 3.403392041388941358e+00 3.113060001851408742e-03
1.570796326794896780e+00 3.534291735288515923e+00 2.962450000268290751e-03
1.570796326794896780e+00 3.665191429188090488e+00 4.137560001254314557e-03
1.570796326794896780e+00 3.796091123087665054e+00 7.101830002284259535e-03
1.570796326794896780e+00 3.926990816987239619e+00 1.115167999887489714e-02
1.570796326794896780e+00 4.057890510886814184e+00 1.315784000144049060e-02
1.570796326794896780e+00 4.188790204786388749e+00 1.107589999992342200e-02
1.570796326794896780e+00 4.319689898685963314e+00 7.259170000907033682e-03
1.570796326794896780e+00 4.450589592585537879e+00 4.792160001670708880e-03
1.570796326794896780e+00 4.581489286485112444e+00 4.495640001550782472e-03
1.570796326794896780e+00 4.712388980384687009e+00 5.722630001400830224e-03
1.570796326794896780e+00 4.843288674284261575e+00 7.043180001346627250e-03
1.570796326794896780e+00 4.974188368183836140e+00 7.420300000376300886e-03
1.570796326794896780e+00 5.105088062083410705e+00 6.763750003301538527e-03
1.570796326794896780e+00 5.235987755982985270e+00 6.127170001491322182e-03
1.570796326794896780e+00 5.366887449882559835e+00 6.133270000646007247e-03
1.570796326794896780e+00 5.497787143782134400e+00 7.488130000638193451e-03
1.570796326794896780e+00 5.628686837681708965e+00 1.128575000075215939e-02
1.570796326794896780e+00 5.759586531581283531e+00 1.909378000345895998e-02
1.570796326794896780e+00 5.890486225480858096e+00 3.144235000036132988e-02
1.570796326794896780e+00 6.021385919380432661e+00 4.256520000126329251e-02
1.570796326794896780e+00 6.152285613280007226e+00 4.181721000168181490e-02
1.701696020694471567e+00 0.000000000000000000e+00 3.010525000172492582e-02
1.701696020694471567e+00 1.308996938995747039e-01 1.806238000062876381e-02
1.701696020694471567e+00 2.617993877991494078e-01 1.043225000103120692e-02
1.701696020694471567e+00 3.926990816987241395e-01 7.258020003064302728e-03
1.701696020694471567e+00 5.235987755982988157e-01 7.427100001223152503e-03
1.701696020694471567e+00 6.544984694978734918e-01 9.338420000858604908e-03
1.701696020694471567e+00 7.853981633974481680e-01 1.159467000070435461e-02
1.701696020694471567e+00 9.162978572970228441e-01 1.270163000117463525e-02
1.701696020694471567e+00 1.047197551196597631e+00 1.175143000000389293e-02
1.701696020694471567e+00 1.178097245096172418e+00 9.269390000554267317e-03
1.701696020694471567e+00 1.308996938995747206e+00 6.354360000841552392e-03
1.701696020694471567e+00 1.439896632895321993e+00 4.224640000757062808e-03
1.701696020694471567e+00 1.570796326794896780e+00 3.074950000154785812e-03
1.701696020694471567e+00 1.701696020694471567e+00 2.986910001709475182e-03
1.701696020694471567e+00 1.832595714594046354e+00 4.234960000758292153e-03
1.701696020694471567e+00 1.963495408493621142e+00 7.284180001079221256e-03
1.701696020694471567e+00 2.094395102393195707e+00 1.131495000117865857e-02
1.701696020694471567e+00 2.225294796292770272e+00 1.315722000072128139e-02
1.701696020694471567e+00 2.356194490192344837e+00 1.090172000112943351e-02
1.701696020694471567e+00 2.487094184091919402e+00 7.103100002495921217e-03
1.701696020694471567e+00 2.617993877991493967e+00 4.726990000563091598e-03
1.701696020694471567e+00 2.748893571891068532e+00 4.528190000200993381e-03
1.701696020694471567e+00 2.879793265790643098e+00 5.793070000436273403e-03
1.701696020694471567e+00 3.010692959690217663e+00 7.092320000083418563e-03
1.701696020694471567e+00 3.141592653589792228e+00 7.409280000501894392e-03
1.701696020694471567e+00 3.272492347489366793e+00 6.720410001435084268e-03
1.701696020694471567e+00 3.403392041388941358e+00 6.114550000347662717e-03
1.701696020694471567e+00 3.534291735288515923e+00 6.160200000522308983e-03
1.701696020694471567e+00 3.665191429188090488e+00 7.602310000947909430e-03
1.701696020694471567e+00 3.796091123087665054e+00 1.154579000103694852e-02
1.701696020694471567e+00 3.926990816987239619e+00 1.958116000059817452e-02
1.701696020694471567e+00 4.057890510886814184e+00 3.207626000221353024e-02
1.701696020694471567e+00 4.188790204786388749e+00 4.285891000290575903e-02
1.701696020694471567e+00 4.319689898685963314e+00 4.143169000053603668e-02
1.701696020694471567e+00 4.450589592585537879e+00 2.948776000084762927e-02
1.701696020694471567e+00 4.581489286485112444e+00 1.759450000099604949e-02
1.701696020694471567e+00 4.712388980384687009e+00 1.019573000121454243e-02
1.701696020694471567e+00 4.843288674284261575e+00 7.199760000730748288e-03
1.701696020694471567e+00 4.974188368183836140e+00 7.491320000553969294e-03
1.701696020694471567e+00 5.105088062083410705e+00 9.445840003536432050e-03
1.701696020694471567e+00 5.235987755982985270e+00 1.168330000109563116e-02
1.701696020694471567e+00 5.366887449882559835e+00 1.270865000151388813e-02
1.701696020694471567e+00 5.497787143782134400e+00 1.165735000176937319e-02
1.701696020694471567e+00 5.628686837681708965e+00 9.132170000157202594e-03
1.701696020694471567e+00 5.759586531581283531e+00 6.236180000996682793e-03
1.701696020694471567e+00 5.890486225480858096e+00 4.151600000113830902e-03
1.701696020694471567e+00 6.021385919380432661e+00 3.039040000658133067e-03
1.701696020694471567e+00 6.152285613280007226e+00 3.013000003193155862e-03
1.832595714594046354e+00 0.000000000000000000e+00 4.366580000350950286e-03
1.832595714594046354e+00 1.336847937697784316e-01 7.600160000947653316e-03
1.832595714594046354e+00 2.673695875395568633e-01 1.170161000118241645e-02
1.832595714594046354e+00 4.010543813093352949e-01 1.330517000315012410e-02
1.832595714594046354e+00 5.347391750791137266e-01 1.066346000152407214e-02
1.832595714594046354e+00 6.684239688488922138e-01 6.807130001106997952e-03
1.832595714594046354e+00 8.021087626186707009e-01 4.581810000672703609e-03
1.832595714594046354e+00 9.357935563884491881e-01 4.646480001611053012e-03
1.832595714594046354e+00 1.069478350158227675e+00 6.101730001319083385e-03
1.832595714594046354e+00 1.203163143928006162e+00 7.434990000547259115e-03
1.832595714594046354e+00 1.336847937697784650e+00 7.491930000469437800e-03
1.832595714594046354e+00 1.470532731467563137e+00 6.511660001706331968e-03
1.832595714594046354e+00 1.604217525237341624e+00 5.794890001197927631e-03
1.832595714594046354e+00 1.737902319007120111e+00 5.907710003157262690e-03
1.832595714594046354e+00 1.871587112776898598e+00 7.617370001753442921e-03
1.832595714594046354e+00 2.005271906546676863e+00 1.196578000053705182e-02
1.832595714594046354e+00 2.138956700316455350e+00 2.038129000357002951e-02
1.832595714594046354e+00 2.272641494086233838e+00 3.210440000111702830e-02
1.832595714594046354e+00 2.406326287856012325e+00 3.990221999993082136e-02
1.832595714594046354e+00 2.540011081625790812e+00 3.572475000146368984e-02
1.832595714594046354e+00 2.673695875395569299e+00 2.426779000052192714e-02
1.832595714594046354e+00 2.807380669165347786e+00 1.411845000075118151e-02
1.832595714594046354e+00 2.941065462935126273e+00 8.352310000191209838e-03
1.832595714594046354e+00 3.074750256704904761e+00 6.438760001401533373e-03
1.832595714594046354e+00 3.208435050474683248e+00 7.370610001089517027e-03
1.832595714594046354e+00 3.342119844244461735e+00 9.584960000211140141e-03
1.832595714594046354e+00 3.475804638014240222e+00 1.172568000038154423e-02
1.832595714594046354e+00 3.609489431784018709e+00 1.229675000104180072e-02
1.832595714594046354e+00 3.743174225553797196e+00 1.071895000131917186e-02
1.832595714594046354e+00 3.876859019323575684e+00 7.977170000231126323e-03
1.832595714594046354e+00 4.010543813093353727e+00 5.326410000634496100e-03
1.832595714594046354e+00 4.144228606863132214e+00 3.625810000812634826e-03
1.832595714594046354e+00 4.277913400632910701e+00 2.864120000594994053e-03
1.832595714594046354e+00 4.411598194402689188e+00 3.354810000018915161e-03
1.832595714594046354e+00 4.545282988172467675e+00 5.446330000268062577e-03
1.832595714594046354e+00 4.678967781942246162e+00 9.345970000140368938e-03
1.832595714594046354e+00 4.812652575712024650e+00 1.281443000152648892e-02
1.832595714594046354e+00 4.946337369481803137e+00 1.267614000062167179e-02
1.832595714594046354e+00 5.080022163251581624e+00 9.002950000649434514e-03
1.832595714594046354e+00 5.213706957021360111e+00 5.656520001139142551e-03
1.832595714594046354e+00 5.347391750791138598e+00 4.356270001153461635e-03
1.832595714594046354e+00 5.481076544560917085e+00 5.152830000952235423e-03
1.832595714594046354e+00 5.614761338330695573e+00 6.706830001348862424e-03
1.832595714594046354e+00 5.748446132100474060e+00 7.628750001458683982e-03
1.832595714594046354e+00 5.882130925870252547e+00 7.180790000347769819e-03
1.832595714594046354e+00 6.015815719640031034e+00 6.135840001661563292e-03
1.832595714594046354e+00 6.149500513409809521e+00 5.692690001524169929e-03
1.963495408493621142e+00 0.000000000000000000e+00 6.330750000415719114e-03
1.963495408493621142e+00 1.396263401595463638e-01 9.056970000528963283e-03
1.963495408493621142e+00 2.792526803190927276e-01 1.525647000198659953e-02
1.963495408493621142e+00 4.188790204786391191e-01 2.560657000140054151e-02
1.963495408493621142e+00 5.585053606381854552e-01 3.585616000054869801e-02
1.963495408493621142e+00 6.981317007977317912e-01 3.651500000160012860e-02
1.963495408493621142e+00 8.377580409572781273e-01 2.679178000289539341e-02
1.963495408493621142e+00 9.773843811168244633e-01 1.592775000062829349e-02
1.963495408493621142e+00 1.117010721276370910e+00 8.833050000248476863e-03
1.963495408493621142e+00 1.256637061435917246e+00 5.813909998323651962e-03
1.963495408493621142e+00 1.396263401595463582e+00 5.730960001528728753e-03
1.963495408493621142e+00 1.535889741755009918e+00 7.240650000312598422e-03
1.963495408493621142e+00 1.675516081914556255e+00 9.018960003231768496e-03
1.963495408493621142e+00 1.815142422074102591e+00 9.967740001229685731e-03
1.963495408493621142e+00 1.954768762233648927e+00 9.180490000289864838e-03
1.963495408493621142e+00 2.094395102393195263e+00 7.300240002223290503e-03
1.963495408493621142e+00 2.234021442552741821e+00 5.076500001450767741e-03
1.963495408493621142e+00 2.373647782712288379e+00 3.620340001361910254e-03
1.963495408493621142e+00 2.513274122871834937e+00 2.974050001284922473e-03
1.963495408493621142e+00 2.652900463031381495e+00 3.509490003125392832e-03
1.963495408493621142e+00 2.792526803190928053e+00 5.674080000972026028e-03
1.963495408493621142e+00 2.932153143350474611e+00 9.857790000751265325e-03
1.963495408493621142e+00 3.071779483510021169e+00 1.406458000019483734e-02
1.963495408493621142e+00 3.211405823669567727e+00 1.415592000194010325e-02
1.963495408493621142e+00 3.351032163829114285e+00 9.938910001437761821e-03
1.963495408493621142e+00 3.490658503988660843e+00 6.001760000799549744e-03
1.963495408493621142e+00 3.630284844148207402e+00 4.469050003535812721e-03
1.963495408493621142e+00 3.769911184307753960e+00 5.283420001433114521e-03
1.963495408493621142e+00 3.909537524467300518e+00 6.897580002259928733e-03
1.963495408493621142e+00 4.049163864626846632e+00 7.724469998720451258e-03
1.963495408493621142e+00 4.188790204786393190e+00 7.147200001782039180e-03
1.963495408493621142e+00 4.328416544945939748e+00 6.077800000639399514e-03
1.963495408493621142e+00 4.468042885105486306e+00 5.693700000847456977e-03
1.963495408493621142e+00 4.607669225265032864e+00 6.591610001123626716e-03
1.963495408493621142e+00 4.747295565424579422e+00 9.764910000740201212e-03
1.963495408493621142e+00 4.886921905584125980e+00 1.663933000054385047e-02
1.963495408493621142e+00 5.026548245743672538e+00 2.746766000018396880e-02
1.963495408493621142e+00 5.166174585903219096e+00 3.682228000252507627e-02
1.963495408493621142e+00 5.305800926062765654e+00 3.545149000092351343e-02
1.963495408493621142e+00 5.445427266222312213e+00 2.495180000005348120e-02
1.963495408493621142e+00 5.585053606381858771e+00 1.450483000007807277e-02
1.963495408493621142e+00 5.724679946541405329e+00 8.121240000036777928e-03
1.963495408493621142e+00 5.864306286700951887e+00 5.627300000924151391e-03
1.963495408493621142e+00 6.003932626860498445e+00 5.897350001760059968e-03
1.963495408493621142e+00 6.143558967020045003e+00 7.526090001192642376e-03
2.094395102393195707e+00 0.000000000000000000e+00 9.293470000557135791e-03
2.094395102393195707e+00 1.495996501709425386e-01 9.772979999979725108e-03
2.094395102393195707e+00 2.991993003418850772e-01 8.410809999986668117e-03
2.094395102393195707e+00 4.487989505128275880e-01 6.246070000997860916e-03
2.094395102393195707e+00 5.983986006837701543e-01 4.285530001652659848e-03
2.094395102393195707e+00 7.479982508547127207e-01 3.314750001663924195e-03
2.094395102393195707e+00 8.975979010256552870e-01 3.177860000505461358e-03
2.094395102393195707e+00 1.047197551196597853e+00 4.730200000267359428e-03
2.094395102393195707e+00 1.196797201367540309e+00 8.766750001086620614e-03
2.094395102393195707e+00 1.346396851538482764e+00 1.505662000090524089e-02
2.094395102393195707e+00 1.495996501709425219e+00 1.828148999993572943e-02
2.094395102393195707e+00 1.645596151880367675e+00 1.435070000115956645e-02
2.094395102393195707e+00 1.795195802051310130e+00 8.334400001331232488e-03
2.094395102393195707e+00 1.944795452222252585e+00 5.077320000054896809e-03
2.094395102393195707e+00 2.094395102393195263e+00 5.412380000052507967e-03
2.094395102393195707e+00 2.243994752564137940e+00 7.757920000585727394e-03
2.094395102393195707e+00 2.393594402735080617e+00 9.422670000276411884e-03
2.094395102393195707e+00 2.543194052906023295e+00 8.601170000474667177e-03
2.094395102393195707e+00 2.692793703076965972e+00 6.651460000284714624e-03
2.094395102393195707e+00 2.842393353247908649e+00 5.611470000076224096e-03
2.094395102393195707e+00 2.991993003418851327e+00 6.085370003347634338e-03
2.094395102393195707e+00 3.141592653589794004e+00 8.605250000982778147e-03
2.094395102393195707e+00 3.291192303760736682e+00 1.462677000017720275e-02
2.094395102393195707e+00 3.440791953931679359e+00 2.431130000150005799e-02
2.094395102393195707e+00 3.590391604102622036e+00 3.297382000164361671e-02
2.094395102393195707e+00 3.739991254273564714e+00 3.162887000144110061e-02
2.094395102393195707e+00 3.889590904444507391e+00 2.187683000011020340e-02
2.094395102393195707e+00 4.039190554615450068e+00 1.233173000036913436e-02
2.094395102393195707e+00 4.188790204786392302e+00 6.952020001335768029e-03
2.094395102393195707e+00 4.338389854957334535e+00 5.340350000551552512e-03
2.094395102393195707e+00 4.487989505128276768e+00 6.353900000249268487e-03
2.094395102393195707e+00 4.637589155299219001e+00 8.253290001448476687e-03
2.094395102393195707e+00 4.787188805470161235e+00 9.688570000434992835e-03
2.094395102393195707e+00 4.936788455641103468e+00 9.422310000445577316e-03
2.094395102393195707e+00 5.086388105812045701e+00 7.676070001252810471e-03
2.094395102393195707e+00 5.235987755982987935e+00 5.391710001276805997e-03
2.094395102393195707e+00 5.385587406153930168e+00 3.802730001552845351e-03
2.094395102393195707e+00 5.535187056324872401e+00 3.103280001596431248e-03
2.094395102393195707e+00 5.684786706495814634e+00 3.541900001437170431e-03
2.094395102393195707e+00 5.834386356666756868e+00 5.932400001256610267e-03
2.094395102393195707e+00 5.983986006837699101e+00 1.104017000034218654e-02
2.094395102393195707e+00 6.133585657008641334e+00 1.703247000114060938e-02
2.225294796292770272e+00 0.000000000000000000e+00 1.738356000169005711e-02
2.225294796292770272e+00 1.611073155687073322e-01 1.136456000131147448e-02
2.225294796292770272e+00 3.222146311374146643e-01 6.174550000650924630e-03
2.225294796292770272e+00 4.833219467061219965e-01 4.971030000888276845e-03
2.225294796292770272e+00 6.444292622748293287e-01 7.118390001778607257e-03
2.225294796292770272e+00 8.055365778435366053e-01 1.001635999818972778e-02
2.225294796292770272e+00 9.666438934122438820e-01 9.939790003045345657e-03
2.225294796292770272e+00 1.127751208980951159e+00 7.370940000328118913e-03
2.225294796292770272e+00 1.288858524549658435e+00 5.163770001672673970e-03
2.225294796292770272e+00 1.449965840118365712e+00 4.898780000075930730e-03
2.225294796292770272e+00 1.611073155687072989e+00 6.440320001274812967e-03
2.225294796292770272e+00 1.772180471255780265e+00 1.087269000163360033e-02
2.225294796292770272e+00 1.933287786824487542e+00 1.749622000170347746e-02
2.225294796292770272e+00 2.094395102393194819e+00 2.305542000067362096e-02
2.225294796292770272e+00 2.255502417961902317e+00 2.175261000047612470e-02
2.225294796292770272e+00 2.416609733530609816e+00 1.495534000059706159e-02
2.225294796292770272e+00 2.577717049099317315e+00 8.163430000422522426e-03
2.225294796292770272e+00 2.738824364668024813e+00 4.390560003230348229e-03
2.225294796292770272e+00 2.899931680236732312e+00 3.435070000705309212e-03
2.225294796292770272e+00 3.061038995805439811e+00 4.639550001229508780e-03
2.225294796292770272e+00 3.222146311374147309e+00 6.579320002856547944e-03
2.225294796292770272e+00 3.383253626942854808e+00 8.060610000029555522e-03
2.225294796292770272e+00 3.544360942511562307e+00 7.776390000799437985e-03
2.225294796292770272e+00 3.705468258080269806e+00 6.249970001590554602e-03
2.225294796292770272e+00 3.866575573648977304e+00 4.356850000476697460e-03
2.225294796292770272e+00 4.027682889217684803e+00 3.352110001287655905e-03
2.225294796292770272e+00 4.188790204786392302e+00 3.198550000888644718e-03
2.225294796292770272e+00 4.349897520355099800e+00 4.759830000693909824e-03
2.225294796292770272e+00 4.511004835923807299e+00 8.964420001575490460e-03
2.225294796292770272e+00 4.672112151492514798e+00 1.553766000142786652e-02
2.225294796292770272e+00 4.833219467061222296e+00 1.818453000123554375e-02
2.225294796292770272e+00 4.994326782629929795e+00 1.325931000064883847e-02
2.225294796292770272e+00 5.155434098198637294e+00 7.291280000572442077e-03
2.225294796292770272e+00 5.316541413767344793e+00 4.879940001046634279e-03
2.225294796292770272e+00 5.477648729336052291e+00 6.287430000156746246e-03
2.225294796292770272e+00 5.638756044904759790e+00 9.382770002048346214e-03
2.225294796292770272e+00 5.799863360473467289e+00 1.031947000046784524e-02
2.225294796292770272e+00 5.960970676042174787e+00 8.165189999999711290e-03
2.225294796292770272e+00 6.122077991610882286e+00 5.599730000540148467e-03
2.356194490192344837e+00 0.000000000000000000e+00 4.604580000886926427e-03
2.356194490192344837e+00 1.847995678582231294e-01 5.785350000223843381e-03
2.356194490192344837e+00 3.695991357164462587e-01 1.011444000141636934e-02
2.356194490192344837e+00 5.543987035746693603e-01 1.613757000086479820e-02
2.356194490192344837e+00 7.391982714328925175e-01 1.921523000055458397e-02
2.356194490192344837e+00 9.239978392911156746e-01 1.527382000313082244e-02
2.356194490192344837e+00 1.108797407149338721e+00 8.577810000133467838e-03
2.356194490192344837e+00 1.293596975007561767e+00 3.854219999993802048e-03
2.356194490192344837e+00 1.478396542865784813e+00 1.933680001457105391e-03
2.356194490192344837e+00 1.663196110724007859e+00 2.076870001474162564e-03
2.356194490192344837e+00 1.847995678582230905e+00 3.327470001750043593e-03
2.356194490192344837e+00 2.032795246440453951e+00 4.757380000228295103e-03
2.356194490192344837e+00 2.217594814298676997e+00 5.337730000974261202e-03
2.356194490192344837e+00 2.402394382156900043e+00 4.988630000298144296e-03
2.356194490192344837e+00 2.587193950015123090e+00 4.152490002525155433e-03
2.356194490192344837e+00 2.771993517873346136e+00 3.946450000512413681e-03
2.356194490192344837e+00 2.956793085731569182e+00 4.577820000122301280e-03
2.356194490192344837e+00 3.141592653589792228e+00 7.615770000484189950e-03
2.356194490192344837e+00 3.326392221448015274e+00 1.460264000161259901e-02
2.356194490192344837e+00 3.511191789306238320e+00 2.236404000177572016e-02
2.356194490192344837e+00 3.695991357164461366e+00 1.923461000114912167e-02
2.356194490192344837e+00 3.880790925022684412e+00 1.024459000109345652e-02
2.356194490192344837e+00 4.065590492880907902e+00 5.492440001034992747e-03
2.356194490192344837e+00 4.250390060739131393e+00 6.215460000021266751e-03
2.356194490192344837e+00 4.435189628597354883e+00 9.610620001694769599e-03
2.356194490192344837e+00 4.619989196455578373e+00 1.049293000323814340e-02
2.356194490192344837e+00 4.804788764313801863e+00 7.810430000972701237e-03
2.356194490192344837e+00 4.989588332172025353e+00 5.137350000950391404e-03
2.356194490192344837e+00 5.174387900030248844e+00 4.697320002378546633e-03
2.356194490192344837e+00 5.359187467888472334e+00 6.501340001705102623e-03
2.356194490192344837e+00 5.543987035746695824e+00 1.151231000039842911e-02
2.356194490192344837e+00 5.728786603604919314e+00 1.742228000148315914e-02
2.356194490192344837e+00 5.913586171463142804e+00 1.885474000118847471e-02
2.356194490192344837e+00 6.098385739321366295e+00 1.364008000018657185e-02
2.487094184091919402e+00 0.000000000000000000e+00 6.628790000831941143e-03
2.487094184091919402e+00 2.094395102393195318e-01 2.760440000201924704e-03
2.487094184091919402e+00 4.188790204786390636e-01 1.752110001689288765e-03
2.487094184091919402e+00 6.283185307179586232e-01 2.605420000691083260e-03
2.487094184091919402e+00 8.377580409572781273e-01 3.885090000039781444e-03
2.487094184091919402e+00 1.047197551196597631e+00 4.850100000112433918e-03
2.487094184091919402e+00 1.256637061435917246e+00 4.854140001043560915e-03
2.487094184091919402e+00 1.466076571675236861e+00 4.517610001130378805e-03
2.487094184091919402e+00 1.675516081914556477e+00 4.570370001601986587e-03
2.487094184091919402e+00 1.884955592153876092e+00 5.793340000309399329e-03
2.487094184091919402e+00 2.094395102393195707e+00 1.058631000159948599e-02
2.487094184091919402e+00 2.303834612632515100e+00 2.143722000255365856e-02
2.487094184091919402e+00 2.513274122871834493e+00 2.797148000172455795e-02
2.487094184091919402e+00 2.722713633111153886e+00 1.774049000050581526e-02
2.487094184091919402e+00 2.932153143350473279e+00 7.873120001022471115e-03
2.487094184091919402e+00 3.141592653589792672e+00 6.515390003187349066e-03
2.487094184091919402e+00 3.351032163829112065e+00 1.138295000055222772e-02
2.487094184091919402e+00 3.560471674068431458e+00 1.399324000158230774e-02
2.487094184091919402e+00 3.769911184307750851e+00 9.951860000001033768e-03
2.487094184091919402e+00 3.979350694547070244e+00 5.981900001643225551e-03
2.487094184091919402e+00 4.188790204786389637e+00 5.242110000835964456e-03
2.487094184091919402e+00 4.398229715025709474e+00 7.307050000235904008e-03
2.487094184091919402e+00 4.607669225265029311e+00 1.296875000116415322e-02
2.487094184091919402e+00 4.817108735504349148e+00 1.859734000026946887e-02
2.487094184091919402e+00 5.026548245743668986e+00 1.678332000119553413e-02
2.487094184091919402e+00 5.235987755982988823e+00 9.549450000122305937e-03
2.487094184091919402e+00 5.445427266222308660e+00 4.051540003274567425e-03
2.487094184091919402e+00 5.654866776461628497e+00 1.953610000782646239e-03
2.487094184091919402e+00 5.864306286700948334e+00 2.120250001098611392e-03
2.487094184091919402e+00 6.073745796940268171e+00 3.302760002043214627e-03
2.617993877991493967e+00 0.000000000000000000e+00 4.577240000799065456e-03
2.617993877991493967e+00 2.513274122871834715e-01 4.752010001539019868e-03
2.617993877991493967e+00 5.026548245743669430e-01 4.489750001084757969e-03
2.617993877991493967e+00 7.539822368615504145e-01 4.771090001668198965e-03
2.617993877991493967e+00 1.005309649148733886e+00 6.984310000916593708e-03
2.617993877991493967e+00 1.256637061435917246e+00 1.516523000100278296e-02
2.617993877991493967e+00 1.507964473723100607e+00 2.788988000065728556e-02
2.617993877991493967e+00 1.759291886010283967e+00 2.213219000077515375e-02
2.617993877991493967e+00 2.010619298297467328e+00 9.363820003272849135e-03
2.617993877991493967e+00 2.261946710584650688e+00 8.648400000311085023e-03
2.617993877991493967e+00 2.513274122871834049e+00 1.931486000103177503e-02
2.617993877991493967e+00 2.764601535159017409e+00 2.116691000082937535e-02
2.617993877991493967e+00 3.015928947446200770e+00 1.067558000067947432e-02
2.617993877991493967e+00 3.267256359733384130e+00 5.823400002554990351e-03
2.617993877991493967e+00 3.518583772020567491e+00 5.732670000725192949e-03
2.617993877991493967e+00 3.769911184307750851e+00 8.859810001013102010e-03
2.617993877991493967e+00 4.021238596594934656e+00 1.325782000094477553e-02
2.617993877991493967e+00 4.272566008882118460e+00 1.218141000026662368e-02
2.617993877991493967e+00 4.523893421169302265e+00 6.209440000020549633e-03
2.617993877991493967e+00 4.775220833456486069e+00 2.241359999970882200e-03
2.617993877991493967e+00 5.026548245743669874e+00 1.618990001588826999e-03
2.617993877991493967e+00 5.277875658030853678e+00 3.012270000908756629e-03
2.617993877991493967e+00 5.529203070318037483e+00 4.400900001201080158e-03
2.617993877991493967e+00 5.780530482605221287e+00 4.786480001712334342e-03
2.617993877991493967e+00 6.031857894892405092e+00 4.520110000157728791e-03
2.748893571891068532e+00 0.000000000000000000e+00 4.766580001160036772e-03
2.748893571891068532e+00 3.306939635357676877e-01 8.461120001811650582e-03
2.748893571891068532e+00 6.613879270715353753e-01 2.191910000146890525e-02
2.748893571891068532e+00 9.920818906073030075e-01 2.263245000176539179e-02
2.748893571891068532e+00 1.322775854143070751e+00 9.196940000038011931e-03
2.748893571891068532e+00 1.653469817678838494e+00 1.427192000119248405e-02
2.748893571891068532e+00 1.984163781214606237e+00 2.881771000102162361e-02
2.748893571891068532e+00 2.314857744750373758e+00 1.420166000025346875e-02
2.748893571891068532e+00 2.645551708286141501e+00 5.679570000211242586e-03
2.748893571891068532e+00 2.976245671821909244e+00 4.759040000863024034e-03
2.748893571891068532e+00 3.306939635357676988e+00 5.958650001048226841e-03
2.748893571891068532e+00 3.637633598893444731e+00 6.148870001197792590e-03
2.748893571891068532e+00 3.968327562429212474e+00 3.084500001932610758e-03
2.748893571891068532e+00 4.299021525964979773e+00 7.314100021176273003e-04
2.748893571891068532e+00 4.629715489500747516e+00 1.920370001244009472e-03
2.748893571891068532e+00 4.960409453036515259e+00 4.430540000612381846e-03
2.748893571891068532e+00 5.291103416572283002e+00 4.909620000034919940e-03
2.748893571891068532e+00 5.621797380108050746e+00 4.428480002388823777e-03
2.748893571891068532e+00 5.952491343643818489e+00 5.353440001272247173e-03
2.879793265790643098e+00 0.000000000000000000e+00 1.681568000094557647e-02
2.879793265790643098e+00 4.833219467061219965e-01 1.941204000286234077e-02
2.879793265790643098e+00 9.666438934122439930e-01 9.302760001446586102e-03
2.879793265790643098e+00 1.449965840118365934e+00 2.419264000127441250e-02
2.879793265790643098e+00 1.933287786824487986e+00 8.657470001708134077e-03
2.879793265790643098e+00 2.416609733530609816e+00 4.533369999990100041e-03
2.879793265790643098e+00 2.899931680236731868e+00 4.956220001986366697e-03
2.879793265790643098e+00 3.383253626942853920e+00 3.188290000252891332e-03
2.879793265790643098e+00 3.866575573648975972e+00 8.294600011140573770e-04
2.879793265790643098e+00 4.349897520355098024e+00 3.549740000380552374e-03
2.879793265790643098e+00 4.833219467061219632e+00 5.764940000517526641e-03
2.879793265790643098e+00 5.316541413767341240e+00 4.589660000419826247e-03
2.879793265790643098e+00 5.799863360473462848e+00 7.929300001705996692e-03
3.010692959690217663e+00 0.000000000000000000e+00 1.400499000010313466e-02
3.010692959690217663e+00 8.975979010256551760e-01 1.656557000023894943e-02
3.010692959690217663e+00 1.795195802051310352e+00 5.181870001251809299e-03
3.010692959690217663e+00 2.692793703076965528e+00 1.248815000144531950e-02
3.010692959690217663e+00 3.590391604102620704e+00 4.212850000840262510e-03
3.010692959690217663e+00 4.487989505128275880e+00 6.381480001437012106e-03
3.010692959690217663e+00 5.385587406153931056e+00 9.183810003378312103e-03
3.141592653589792228e+00 0.000000000000000000e+00 1.129990000117686577e-02
