        -0.00368539935         0.00286224925         0.00066264475
         0.00188135601         0.00133931668         0.00161399885
        -0.00397199986        -0.00207144067         0.00338057892
        -0.00355973917         0.00094950983         0.00140138107
         0.00192145291         0.00195074803         0.00175980298
         0.00041692668         0.00169709101         0.00079905004
         0.00098046702        -0.00089086311        -0.00088975230
         0.00065385744         0.00032363891        -0.00260176437
         0.00005105149        -0.00188378615         0.00093942469
        -0.00015712860         0.00023939638        -0.00005612190
         0.00035110343        -0.00119324481        -0.00020783344
         0.00069226263        -0.00105284151        -0.00069359553
        -0.00108984089         0.00029237128        -0.00113321179
         0.00102592170         0.00023055355        -0.00094823857
        -0.00186616951         0.00011772297         0.00012520272
        -0.00170723755        -0.00095562994        -0.00015340218
        -0.00064087505        -0.00084392870         0.00042668900
        -0.00013270314        -0.00026627587         0.00000183636
         0.00033943893        -0.00019545654         0.00021341633
        -0.00093690908        -0.00228058399        -0.00131128938
         0.00015134215        -0.00054864482         0.00085889675
         0.00067921493         0.00108636028         0.00053884237
        -0.00231857508        -0.00158542371        -0.00096748433
         0.00084784680         0.00019980955        -0.00012147934
        -0.00199777009        -0.00005696870        -0.00088068340
         0.00038464359         0.00316730270         0.00013293219
         0.00233178041         0.00056944503        -0.00021442072
         0.00004503070        -0.00035954102        -0.00001664989
        -0.00032170443        -0.00011601891        -0.00036929832
         0.00017274751         0.00028194170        -0.00076636013
        -0.00004579168        -0.00016746976        -0.00005239181
         0.00019692870         0.00007198281         0.00032129153
         0.00004393260        -0.00002509639         0.00015604919
         0.00008895123        -0.00007366134         0.00009321026
         0.00004264094        -0.00006066611         0.00006073357
        -0.00005642599        -0.00011158427        -0.00010172162
        -0.00004037528        -0.00009736792        -0.00003972596
        -0.00103748347         0.00196798017         0.00081937151
         0.00133018220         0.00056439241         0.00097087818
        -0.00016731109        -0.00000611611         0.00039919228
        -0.00001407072        -0.00019769509        -0.00014125345
        -0.00005295630        -0.00020867011         0.00002086872
        -0.00007674375        -0.00000345277        -0.00014960221
        -0.00003478623        -0.00015539361        -0.00004590828
         0.00008093823         0.00006327334         0.00019740662
         0.00002776164         0.00005612237         0.00014730689
         0.00006065053        -0.00004548305         0.00006220919
         0.00004191627         0.00001703142         0.00013994138
        -0.00037691456         0.00007946414         0.00018472353
        -0.00000632830        -0.00012117954        -0.00010415823
         0.00003198228         0.00021594534        -0.00002556712
        -0.00004263997        -0.00016482106        -0.00012677110
        -0.00002506243        -0.00028927766        -0.00013219922
        -0.00012014063        -0.00012637284        -0.00031860142
        -0.00002618601        -0.00006033907        -0.00017981633
        -0.00003411299        -0.00001688644        -0.00010050807
        -0.00005506072        -0.00006256111        -0.00009249791
        -0.00021020837        -0.00003188446        -0.00026040418
        -0.00023500183        -0.00027988595        -0.00011148755
        -0.00008811678        -0.00024479423        -0.00000518403
        -0.00031724521        -0.00048703580        -0.00020636717
        -0.00003971818        -0.00011917556         0.00076804973
         0.00032189382         0.00055462259         0.00067583384
        -0.00074084420         0.00137166320         0.00009438808
         0.00021843168         0.00038003322        -0.00020318656
         0.00119499596         0.00059840321         0.00012341723
         0.00139678815         0.00084338097         0.00122419249
         0.00002890911        -0.00104912066        -0.00015088615
         0.00046369457        -0.00002011120        -0.00024819041
        -0.00005524341        -0.00022879305         0.00053863475
         0.00008592295         0.00179458437         0.00018007370
         0.00149922454         0.00023471595         0.00057236438
         0.00082237817         0.00034022848         0.00072644991
         0.00055261324         0.00094274641         0.00082752188
         0.00014216042         0.00108508412        -0.00084161874
        -0.00089157072        -0.00012831486         0.00189822818
        -0.00123753953         0.00037239287        -0.00006120866
        -0.00096360150         0.00065487418        -0.00005419310
        -0.00073438371         0.00007053800        -0.00047891042
         0.00024721084         0.00011752250         0.00073704294
        -0.00004131222         0.00035001169         0.00005454368
         0.00005490678         0.00048975216         0.00010470797
         0.00044337051         0.00034683806         0.00008104357
         0.00041920711         0.00005484705         0.00025067701
         0.00006077097         0.00028058071         0.00002819636
         0.00017529316         0.00025896903         0.00004665574
         0.00025580763         0.00018363024         0.00011750581
         0.00024220161         0.00018018336         0.00020335527
         0.00012549995         0.00025071945         0.00016414747
         0.00011654232         0.00030070967         0.00007518258
         0.00066891210         0.00041362318        -0.00124316723
         0.00013027928         0.00012811895         0.00019221351
        -0.00022972822        -0.00020858542         0.00037147473
        -0.00011874161        -0.00014346274         0.00029815796
        -0.00000891992        -0.00016334658         0.00003722688
        -0.00007879287        -0.00014568921         0.00022065927
         0.00007679339         0.00002346671         0.00036997922
        -0.00000932563         0.00002195998         0.00026964908
         0.00005199299        -0.00009966435         0.00007615141
         0.00001913063        -0.00003313768         0.00022622130
        -0.00003750182        -0.00008214360         0.00035407578
        -0.00125182325        -0.00045446159         0.00090177415
         0.00003186819        -0.00010250437         0.00114168407
         0.00024214346        -0.00004955233         0.00044119926
        -0.00007679936        -0.00020062517         0.00012817117
        -0.00001482980        -0.00015348859         0.00020564131
         0.00004014965        -0.00008186955         0.00019438795
         0.00047351503         0.00132063348        -0.00025219198
         0.00002750786        -0.00012074047         0.00008940843
         0.00003578317        -0.00014267626         0.00015776568
         0.00010577101        -0.00017393665         0.00035377731
         0.00046567598        -0.00015741112         0.00029010024
         0.00012132621        -0.00019289467         0.00025193079
         0.00007269555        -0.00019124438         0.00015662416
        -0.00004315984        -0.00016123165        -0.00000345366
        -0.00005290676        -0.00023821151         0.00006281137
        -0.00018531881        -0.00045648704         0.00025126248
        -0.00006767528        -0.00028758694        -0.00000896237
        -0.00000212896        -0.00019451094         0.00008483930
         0.00002531919        -0.00008138859         0.00005636955
         0.00000388879        -0.00010976024         0.00003899594
        -0.00002874663        -0.00012291870        -0.00000224521
         0.00009760584        -0.00012861569         0.00014264537
         0.00002549604        -0.00022291274         0.00013514888
        -0.00008058814        -0.00025822095         0.00004466916
        -0.00021272454         0.00085000124         0.00022823634
        -0.00018007275         0.00004173811        -0.00024870738
        -0.00002008558        -0.00019281525        -0.00005501419
        -0.00012662921         0.00003668638        -0.00021344811
        -0.00005239106        -0.00002772966        -0.00010624401
        -0.00002928959        -0.00013735704        -0.00006022403
         0.00013214843         0.00007753582         0.00021850788
         0.00004901716         0.00004502163         0.00014968746
         0.00008164723        -0.00005058555         0.00007569060
         0.00004537988        -0.00004696145         0.00005404092
         0.00004170149        -0.00000522290         0.00012871050
        -0.00004595614        -0.00008353819        -0.00007230753
        -0.00005377661        -0.00011841895        -0.00017690090
        -0.00005478718        -0.00021689176        -0.00008721002
        -0.00076495682        -0.00087600547         0.00016991033
        -0.00103997725        -0.00047167029        -0.00207635949
         0.00004120120         0.00076702688         0.00041617725
        -0.00141426335         0.00039111630        -0.00053704364
         0.00104238741         0.00058707200         0.00003899556
         0.00085587002        -0.00013604556         0.00046945373
         0.00060750179         0.00040477155         0.00111908195
         0.00016999119         0.00108635670         0.00016189856
         0.00001304552         0.00025457614         0.00001066264
         0.00010460698         0.00025740803         0.00004245431
         0.00026798437         0.00024112105         0.00007273653
         0.00028110042         0.00013468040         0.00017697450
         0.00015388983         0.00017433391         0.00017015428
         0.00008586565         0.00031097886         0.00010457906
        -0.00063962023        -0.00003359089         0.00073362508
        -0.00010444065        -0.00015086396         0.00031282436
        -0.00001412902        -0.00022521202         0.00007317052
        -0.00001110342        -0.00012416817         0.00001955587
        -0.00005394183        -0.00015394412         0.00017281108
         0.00018995166         0.00003949191         0.00045837704
         0.00001292354        -0.00001771161         0.00030821016
         0.00008185738        -0.00010539217         0.00010035881
         0.00003731992        -0.00007813089         0.00005814314
         0.00002818591        -0.00004636457         0.00017861759
         0.00001567121        -0.00009948993         0.00005837633
         0.00003373125        -0.00016483352         0.00012406316
         0.00003744892        -0.00013882010         0.00022492116
         0.00029025794        -0.00014590043         0.00055643368
         0.00007898104        -0.00018990868         0.00016755202
        -0.00003337432        -0.00011925744        -0.00000951468
        -0.00003921775        -0.00022440876         0.00003643921
        -0.00009561871        -0.00027896677         0.00009443512
        -0.00012303581         0.00004137867        -0.00014807302
        -0.00013436894         0.00004142631        -0.00018930188
         0.00008672416        -0.00005770633         0.00004103858
         0.00008423425        -0.00004833756         0.00006164826
         0.00005643298        -0.00004975292         0.00003628213
        -0.00024458762         0.00011484843         0.00031883166
         0.00013744411         0.00001437958        -0.00006448553
         0.00009645252        -0.00008277775         0.00002289564
         0.00003949625        -0.00005986604         0.00002243592
         0.00123101969         0.00009974103        -0.00009030385
        -0.00100282356        -0.00262980954        -0.00201884493
         0.00006127386        -0.00064887108        -0.00035927566
         0.00018763546        -0.00062471318        -0.00024564673
         0.00008097875        -0.00053264647        -0.00028797595
         0.00026906318        -0.00008813745        -0.00010178634
         0.00028484705        -0.00014945699         0.00003129033
         0.00027689837        -0.00013602923        -0.00005105712
         0.00024964153        -0.00027560561        -0.00017023589
         0.00016303818        -0.00025180521        -0.00005372145
        -0.00082951150        -0.00204395617        -0.00046896526
         0.00119269375        -0.00040500040        -0.00020606477
         0.00050367636         0.00004347342        -0.00011565990
        -0.00079016108        -0.00103720504        -0.00074924195
         0.00115632433        -0.00075709482        -0.00023474847
         0.00055227317        -0.00005983901         0.00007867187
         0.00007106391        -0.00031526743        -0.00006229196
         0.00015219540        -0.00015464778         0.00002885385
         0.00025057554         0.00002188436        -0.00008855800
         0.00026821918        -0.00004004312         0.00003038847
        -0.00038388722         0.00042111008         0.00034631397
        -0.00028598138         0.00051159903        -0.00019811013
        -0.00034439594         0.00047740365         0.00010818149
         0.00016784688        -0.00001471986        -0.00004614265
         0.00015630787        -0.00003743924         0.00002663473
         0.00016291638        -0.00003037499        -0.00000993478
         0.00001122176         0.00065623240         0.00002935985
        -0.00017547253         0.00016079804        -0.00017396743
         0.00010653285        -0.00004797405         0.00002840442
         0.00001142721        -0.00021358110        -0.00001848267
         0.00001159640        -0.00024514798         0.00006130228
         0.00009801908        -0.00011562993         0.00005002816
         0.00008973567        -0.00012169971         0.00009027125
         0.00004992380        -0.00009398815         0.00003713229
         0.00006000885        -0.00016164891         0.00004593921
         0.00027407902        -0.00051121488        -0.00042157595
         0.00028634847        -0.00005663115        -0.00017741436
        -0.00013519492         0.00007267563        -0.00013611382
        -0.00010171007         0.00004278333        -0.00014242305
         0.00008949704        -0.00005928054         0.00002744101
         0.00007349939        -0.00004724945         0.00004374884
         0.00004248838        -0.00004850304         0.00002575576
         0.00109124657         0.00000230477         0.00018718668
         0.00081409818         0.00018178549        -0.00014251851
         0.00042677569        -0.00098057188        -0.00047070986
         0.00009836781        -0.00041933458        -0.00024255760
         0.00009515793        -0.00034443039        -0.00011389007
         0.00022126891        -0.00088030786        -0.00045120053
         0.00032801189        -0.00002664026        -0.00012270075
         0.00023905120        -0.00015181134        -0.00009983937
         0.00018577366        -0.00017243376        -0.00000179984
         0.00034140599        -0.00010435747         0.00001618383
        -0.00021516041         0.00029835134         0.00059670026
        -0.00029517065         0.00034447512         0.00016692549
        -0.00020938183         0.00025087888        -0.00013349554
        -0.00033767674         0.00091350173         0.00007338209
         0.00018510634         0.00001565742        -0.00005825138
         0.00013948661        -0.00002126906        -0.00002681560
         0.00011638724        -0.00004226941         0.00001696348
         0.00019234631        -0.00002507378         0.00001772159
         0.00001323236        -0.00020880839        -0.00004824882
         0.00002373866        -0.00019063292         0.00002339035
         0.00010125679        -0.00011497172         0.00002654010
         0.00007535724        -0.00012357646         0.00005677248
         0.00003492873        -0.00007360092         0.00002209158
         0.00005478098        -0.00017900273         0.00014350737
         0.00009941369        -0.00016772825         0.00009064608
        -0.00031199132         0.00011378806         0.00051957184
         0.00166684171         0.00018619459        -0.00050633212
        -0.00005001154        -0.00033599271         0.00116425117
         0.00018253769        -0.00025551455         0.00027029326
        -0.00002547814         0.00004628395        -0.00007573229
        -0.00002671530         0.00005700056        -0.00006471950
         0.00008279259         0.00006021278        -0.00010301192
        -0.00002188024         0.00016394727        -0.00005917065
         0.00002535985         0.00017741981        -0.00008842079
        -0.00001299698         0.00009755393        -0.00008812727
        -0.00001559194        -0.00016941208         0.00012332261
        -0.00001406646        -0.00039631898         0.00031885143
         0.00023796192        -0.00021226626         0.00034970725
        -0.00003796659         0.00001989289        -0.00007942291
        -0.00001837152         0.00014857173        -0.00016476229
         0.00004291685         0.00005117844        -0.00013989759
         0.00016879683         0.00011896938        -0.00015618940
         0.00008009920        -0.00078945292         0.00044832811
        -0.00003355013        -0.00031559290         0.00021828036
        -0.00007946089        -0.00020329605         0.00015118579
        -0.00013271292        -0.00017858762         0.00020088406
        -0.00019060083        -0.00045721935         0.00052030393
         0.00038257724        -0.00039968320         0.00108337920
        -0.00002459074        -0.00013980370         0.00021221804
        -0.00059948170         0.00069279096         0.00053296200
        -0.00025615298        -0.00015168348         0.00035995281
        -0.00006228579        -0.00011167149         0.00010809186
        -0.00032080031        -0.00026564096         0.00014839957
        -0.00023743000        -0.00043484943         0.00009862390
        -0.00009902720        -0.00020854133         0.00007472331
        -0.00004389117        -0.00002801434        -0.00003806649
        -0.00003670741        -0.00002502546        -0.00003019469
        -0.00001897701        -0.00002235134        -0.00001504121
        -0.00003095771        -0.00002419793        -0.00002001472
        -0.00006048891        -0.00006205053         0.00000871826
        -0.00004925522        -0.00004286952         0.00000221283
        -0.00001493978        -0.00003576174        -0.00000198025
        -0.00003744828        -0.00004007114         0.00000469342
        -0.00004687426        -0.00003954197        -0.00001556033
        -0.00004594599        -0.00001861641        -0.00005596685
        -0.00006046493        -0.00004724955        -0.00003489937
        -0.00006104999        -0.00007124509         0.00000035063
        -0.00002375074        -0.00001675661        -0.00002198679
        -0.00002899715        -0.00002770995        -0.00001329252
        -0.00003003962        -0.00003754893         0.00000102142
         0.00090576157         0.00060906338         0.00009110986
        -0.00006676365        -0.00009535959         0.00004245979
        -0.00002797114        -0.00004155202         0.00001651670
        -0.00001249367        -0.00005095047         0.00000715313
        -0.00000945257        -0.00003238618         0.00000517963
        -0.00001937945        -0.00002918319        -0.00000553887
        -0.00002618081        -0.00003272972        -0.00000672497
        -0.00004082143        -0.00004383686        -0.00001188041
        -0.00005640736        -0.00006400182        -0.00001699575
        -0.00004200236        -0.00005638345        -0.00001805952
        -0.00002962592        -0.00003947543        -0.00001112485
        -0.00001776913        -0.00001376714        -0.00001735174
        -0.00002261388        -0.00001623783        -0.00002153117
        -0.00003101499        -0.00001719851        -0.00003396146
        -0.00003822538        -0.00001302952        -0.00004880293
        -0.00003519294        -0.00001699473        -0.00003998717
        -0.00002540935        -0.00001639722        -0.00002648832
        -0.00002340586        -0.00002405731        -0.00001527274
        -0.00004975141        -0.00003816394        -0.00003866898
        -0.00001289098        -0.00002661619        -0.00000130598
        -0.00001488225        -0.00002142161        -0.00000827470
        -0.00001526146        -0.00001469668        -0.00001379674
        -0.00002461104        -0.00005030475        -0.00000377246
        -0.00002761501        -0.00003535945        -0.00001809024
        -0.00002536491        -0.00001889937        -0.00002574842
        -0.00007375645        -0.00007746450        -0.00003595270
        -0.00005472704        -0.00001627010        -0.00006590653
        -0.00001290839        -0.00000863566        -0.00001491631
        -0.00002251531        -0.00000628375        -0.00003103119
        -0.00001927174        -0.00000809388        -0.00002791324
        -0.00002611591        -0.00000178825        -0.00004924348
        -0.00004967128        -0.00006820524         0.00005423539
        -0.00004331966        -0.00004535750         0.00004360501
        -0.00000461819        -0.00004096145         0.00001221076
        -0.00003019904        -0.00004427129         0.00003476807
        -0.00002937157        -0.00004923114         0.00006300212
        -0.00000819525        -0.00007194721         0.00009039771
        -0.00003295787        -0.00008183715         0.00006401796
        -0.00001905095        -0.00004462496         0.00003081116
        -0.00000419070        -0.00003751587         0.00002154250
        -0.00000755446        -0.00004149426         0.00003197435
        -0.00001177170        -0.00005728597         0.00005185753
        -0.00000751796        -0.00008660430         0.00007029584
         0.00000482277        -0.00007683040         0.00004784711
        -0.00000192102        -0.00005304104         0.00003522232
        -0.00001350992        -0.00000488042        -0.00001995713
        -0.00001353963        -0.00000216692        -0.00002497151
        -0.00001515899         0.00000200818        -0.00003568772
        -0.00001994101         0.00000833288        -0.00004693238
        -0.00001976680         0.00000675697        -0.00003890333
        -0.00001643420        -0.00000077957        -0.00002870271
        -0.00000480079        -0.00003096574         0.00001157386
        -0.00000506400        -0.00005898949         0.00002345205
         0.00000849644        -0.00005351942         0.00003088353
         0.00001985244        -0.00011238144         0.00008787465
        -0.00001963252         0.00002268486        -0.00005434087
        -0.00012894879        -0.00013372333        -0.00005110994
        -0.00009914059        -0.00014565034        -0.00007907222
        -0.00017950964        -0.00003571287        -0.00053856960
        -0.00018147768        -0.00106450031        -0.00180846967
        -0.00089032555        -0.00037399507         0.00058816611
        -0.00023798461        -0.00025213077        -0.00006822234
        -0.00006756480         0.00001083459        -0.00010311048
        -0.00007343359         0.00001547172        -0.00011324005
         0.00010721395         0.00009979441        -0.00025263429
        -0.00007557039         0.00030269109        -0.00016303848
        -0.00006933020         0.00026185494        -0.00036389584
        -0.00010022431         0.00005768871        -0.00018501718
        -0.00012278810        -0.00006132329        -0.00012248384
        -0.00018842800        -0.00048748688        -0.00095131159
        -0.00011273125        -0.00013304764        -0.00001462973
        -0.00011581428        -0.00006607898        -0.00008355811
        -0.00007541811         0.00000207586        -0.00010961579
        -0.00043883733        -0.00026544618        -0.00000106881
        -0.00038778678        -0.00003539359        -0.00023775512
        -0.00012968255         0.00012586054        -0.00026841459
         0.00004528092         0.00036517224        -0.00052852548
        -0.00019669465         0.00018048748        -0.00040650635
        -0.00015782214         0.00000065153        -0.00018682176
        -0.00009344368        -0.00002056072        -0.00011605485
        -0.00008662379        -0.00001717707        -0.00013981953
        -0.00012606271         0.00004982517        -0.00028934136
        -0.00082602470        -0.00101374217        -0.00001564895
        -0.00048481459        -0.00040279124        -0.00025318484
        -0.00022932610        -0.00022919645        -0.00003234117
        -0.00014874783        -0.00016591888         0.00000476053
        -0.00018847684        -0.00015179034        -0.00002021470
        -0.00039022397        -0.00031907175        -0.00009268231
        -0.00044504394        -0.00007166578        -0.00057050574
        -0.00013518296        -0.00008398204        -0.00008425752
         0.00034707032         0.00029331687        -0.00027091731
         0.00058354545         0.00079683431        -0.00120982299
        -0.00144110571        -0.00002489416        -0.00150491255
        -0.00001742593         0.00004388787        -0.00019587711
        -0.00012262772        -0.00002420244        -0.00023916652
        -0.00028571462        -0.00015557573        -0.00013973273
        -0.00007016772        -0.00003531535        -0.00006935067
        -0.00010008272        -0.00009367381        -0.00000634839
         0.00002692262        -0.00014891344         0.00012924598
         0.00011672421        -0.00018005281         0.00014899362
        -0.00020118644        -0.00003662475         0.00037984024
        -0.00055605205         0.00059076245         0.00047337994
         0.00206182588        -0.00092413562         0.00040312809
         0.00014149840        -0.00029343490         0.00043260351
        -0.00002375670         0.00003320528        -0.00007112353
        -0.00001846156         0.00006439807        -0.00007104335
         0.00005090497         0.00004671100        -0.00010569496
         0.00012875887         0.00007794096        -0.00010915412
         0.00001270952         0.00017280356        -0.00005360631
         0.00000563750         0.00013614409        -0.00010901034
         0.00005098349        -0.00089745581         0.00097970358
        -0.00005898277        -0.00047056555         0.00024164469
        -0.00005895797        -0.00022407084         0.00014127144
        -0.00007290623        -0.00015961174         0.00016993526
        -0.00023790638        -0.00026053675         0.00031399377
        -0.00005506841        -0.00003238117        -0.00004908814
        -0.00003968339        -0.00002928128        -0.00002596689
        -0.00002381727        -0.00002532852        -0.00002024296
        -0.00001553753        -0.00001872178        -0.00001200905
        -0.00002647154        -0.00002203322        -0.00001688421
        -0.00007216358        -0.00008086924         0.00001183569
        -0.00004845064        -0.00004596895        -0.00000019802
        -0.00001706682        -0.00004548957        -0.00000108302
        -0.00001162869        -0.00003032074         0.00000015829
        -0.00003011959        -0.00003737230         0.00000702620
        -0.00001523525        -0.00002453249        -0.00000487959
        -0.00002466589        -0.00003125041        -0.00000978507
        -0.00003149074        -0.00003546462        -0.00000765956
        -0.00005498280        -0.00005663547        -0.00001608543
        -0.00005523894        -0.00005851807        -0.00002758441
        -0.00003073158        -0.00004521591        -0.00001266401
        -0.00001483255        -0.00001263238        -0.00001418672
        -0.00002237217        -0.00001767485        -0.00002019523
        -0.00002407354        -0.00001451659        -0.00002631973
        -0.00003520825        -0.00001256508        -0.00004694754
        -0.00004451686        -0.00002123616        -0.00004836457
        -0.00002701625        -0.00001466824        -0.00003067220
        -0.00005278073        -0.00008921352         0.00006659102
        -0.00003767900        -0.00005127992         0.00004841989
        -0.00000576019        -0.00005084323         0.00001366682
        -0.00000569811        -0.00003340636         0.00000868987
        -0.00000282617        -0.00003153796         0.00001638451
        -0.00000275661        -0.00004242550         0.00003028629
        -0.00001245100        -0.00004538374         0.00003880513
        -0.00001515348        -0.00007454996         0.00006941284
         0.00000869518        -0.00008623849         0.00006919681
         0.00000156057        -0.00006036512         0.00003403993
        -0.00001194914        -0.00000527771        -0.00001664040
        -0.00001346651        -0.00000155654        -0.00002396763
        -0.00001506124        -0.00000260632        -0.00002873607
        -0.00001831416         0.00000539782        -0.00004556892
        -0.00001756327         0.00001326673        -0.00004460676
        -0.00001861703         0.00000047437        -0.00003149924
        -0.00010925981        -0.00010171888        -0.00004750195
        -0.00014288946        -0.00014340784        -0.00008739031
        -0.00018686991        -0.00007661959        -0.00026280967
        -0.00003289474         0.00011151701        -0.00132826714
         0.00027541743        -0.00187592703        -0.00065581491
        -0.00045843495        -0.00022604448        -0.00002623684
        -0.00005886095         0.00000379458        -0.00008902452
        -0.00009177426         0.00000448711        -0.00013245099
         0.00003442418         0.00005051651        -0.00018792352
         0.00021263722         0.00013887007        -0.00022877604
        -0.00003481074         0.00045316089        -0.00051919005
        -0.00008524561         0.00013793432        -0.00023764993
         0.00043299483         0.00063817966        -0.00050784189
        -0.00018403815         0.00015522875        -0.00047180540
        -0.00021932291         0.00006827746        -0.00028058004
        -0.00011009467        -0.00002263903        -0.00012285811
        -0.00009742507        -0.00003884733        -0.00010358663
        -0.00008540300         0.00001404142        -0.00021695900
        -0.00055111207        -0.00044342823        -0.00030302146
        -0.00034591889        -0.00032576160        -0.00004858998
        -0.00014549260        -0.00018626102         0.00001063777
        -0.00014346031        -0.00012392805        -0.00002780370
        -0.00030196878        -0.00022469907        -0.00002457142
        -0.00002417428        -0.00004051578         0.00002608399
        -0.00006557602        -0.00011199693         0.00001678942
         0.00000497992         0.00002757657         0.00010797607
        -0.00000745830         0.00004963977         0.00016346137
        -0.00001021799         0.00000621010         0.00010260525
        -0.00007206975        -0.00005055579         0.00004383777
        -0.00007702037        -0.00002920811         0.00003101985
        -0.00009300738        -0.00001330132         0.00001923232
        -0.00016272795        -0.00000520887         0.00003029796
        -0.00022312498        -0.00005737658         0.00011646030
        -0.00011722390        -0.00005685788         0.00006120444
        -0.00007333625        -0.00005103013         0.00001937766
        -0.00017014555        -0.00002658973        -0.00000343828
        -0.00004539852        -0.00006627303         0.00000217787
        -0.00006082126        -0.00007789401         0.00003308289
        -0.00012059184        -0.00013660839         0.00008947130
        -0.00028919555         0.00003040811        -0.00006079858
        -0.00005780389        -0.00005543893         0.00005252971
        -0.00015555641        -0.00009187720         0.00014401856
        -0.00007552567        -0.00000839903         0.00003650942
        -0.00011191439         0.00001214113         0.00002786672
        -0.00014731836         0.00024558132        -0.00004126312
         0.00029751684         0.00002066583        -0.00055572595
         0.00035048290        -0.00073434606        -0.00043103765
        -0.00006848936         0.00004493031        -0.00010189420
        -0.00007939783         0.00014360875        -0.00011788272
         0.00052800212         0.00033065833        -0.00025622674
         0.00063382581         0.00015707104        -0.00101333382
         0.00037991828         0.00134412893         0.00148707263
        -0.00051466596        -0.00028442645        -0.00046924882
        -0.00107511596         0.00029182347        -0.00030144274
        -0.00009261233         0.00013661254         0.00003597862
        -0.00013098645         0.00013252443         0.00000549824
        -0.00013171467         0.00011363260         0.00001160176
        -0.00007006901         0.00008599657        -0.00005743913
        -0.00006823715         0.00009116436        -0.00008110862
        -0.00007808787         0.00022972170        -0.00008558467
        -0.00026913531         0.00006561477         0.00002915243
        -0.00062618254         0.00055482075        -0.00013940814
        -0.00008648916         0.00010350848        -0.00002512145
        -0.00007021679         0.00009925229        -0.00001315443
        -0.00033569527        -0.00062349488        -0.00086117288
         0.00039896878        -0.00042747275        -0.00112692875
        -0.00189825352        -0.00126127682         0.00005136882
         0.00063133104         0.00024039830        -0.00034882450
        -0.00049114410         0.00086898160         0.00001130251
        -0.00008255085        -0.00002423980        -0.00013443402
        -0.00017612972        -0.00005567529        -0.00011072715
        -0.00021156041        -0.00005430478        -0.00020643419
        -0.00007506915        -0.00006206431        -0.00012589236
        -0.00007905847        -0.00006777314         0.00016770511
        -0.00002601043         0.00000208707         0.00015820933
        -0.00004843270        -0.00000126548         0.00010506625
        -0.00005559295         0.00001549030         0.00008120103
        -0.00006852734         0.00003944442         0.00007298701
        -0.00009892373         0.00009051201         0.00010149183
        -0.00012505076         0.00011363207         0.00023309715
        -0.00007899878         0.00002952825         0.00014349128
        -0.00007315604        -0.00003580810         0.00007700730
        -0.00007845429        -0.00000837890         0.00006655209
        -0.00009571906         0.00001458028         0.00005649257
        -0.00016437813         0.00004129016         0.00008448037
        -0.00023517313         0.00000174261         0.00021993423
        -0.00012114450        -0.00002471499         0.00012219290
        -0.00007560214        -0.00000842461         0.00010322979
        -0.00017663865         0.00009457620         0.00015116979
        -0.00002673663        -0.00001119964         0.00009989076
        -0.00004633651        -0.00003468919         0.00010686562
        -0.00006364864        -0.00006008536         0.00009191895
        -0.00005228222         0.00005312127         0.00020393265
        -0.00010692516        -0.00000914958         0.00025662694
        -0.00014539654        -0.00009283690         0.00021449149
        -0.00017834278         0.00022334671         0.00013545356
        -0.00028523715         0.00018017525         0.00009388532
        -0.00008937469        -0.00014609480         0.00004359602
        -0.00005366041        -0.00008608412         0.00001278156
         0.00000626694         0.00004861497         0.00013221413
         0.00000037210         0.00001187661         0.00009549022
        -0.00005923669        -0.00005739991         0.00003850657
        -0.00008441697        -0.00004705432         0.00003827313
        -0.00007652494        -0.00001630052         0.00002580408
        -0.00011619491        -0.00000275382         0.00001637482
        -0.00021644639        -0.00001150338         0.00003116251
        -0.00015266989        -0.00008824072         0.00010544287
        -0.00014232175         0.00018835785         0.00003063981
        -0.00014859488         0.00027201848        -0.00014447911
         0.00000062352         0.00006086013        -0.00002084683
        -0.00007130099         0.00008971591        -0.00009291572
        -0.00017500383         0.00017724441         0.00001644620
         0.00102245753        -0.00062375413         0.00012809588
        -0.00010398376        -0.00156315059        -0.00089658692
        -0.00018502713         0.00088598950        -0.00011807248
        -0.00006989954         0.00010939877        -0.00006128199
        -0.00011029726         0.00010232593        -0.00000428572
        -0.00006210497         0.00008291522        -0.00002858875
        -0.00006891332         0.00010389469         0.00001509629
        -0.00029001379        -0.00004760052        -0.00014434242
         0.00059607734        -0.00168576413        -0.00053677109
         0.00178135290        -0.00006884877         0.00003545044
        -0.00006700707        -0.00007853818        -0.00015428753
        -0.00010037229        -0.00004148673        -0.00011205583
        -0.00011322618        -0.00007828893         0.00023727588
        -0.00005939510        -0.00005919518         0.00011808703
        -0.00002371536         0.00003214893         0.00019821901
        -0.00001795937        -0.00000611506         0.00011970952
        -0.00003903679        -0.00001549739         0.00009676327
        -0.00006466312         0.00000821429         0.00010789236
        -0.00005541176         0.00002324041         0.00006563048
        -0.00007813895         0.00005981497         0.00006936189
        -0.00014787744         0.00013080650         0.00016052766
        -0.00009013674         0.00004640368         0.00021241935
        -0.00006036811        -0.00004631527         0.00007001009
        -0.00008668873        -0.00001939529         0.00009201040
        -0.00007812407         0.00000008308         0.00005023352
        -0.00011806230         0.00002675234         0.00005050980
        -0.00022243617         0.00007865466         0.00014837416
        -0.00016357915        -0.00005544900         0.00017697995
        -0.00081618005         0.00007740221        -0.00053226153
         0.00002326794        -0.00014819305        -0.00011457434
        -0.00003776812        -0.00011960775        -0.00005332220
        -0.00001756954         0.00005332076        -0.00011725627
         0.00000244876        -0.00009161598        -0.00008064259
        -0.00000481169        -0.00017458241        -0.00007168219
        -0.00015047947        -0.00033459148        -0.00010097358
         0.00014231692        -0.00015599159        -0.00026177094
         0.00001920202        -0.00006653984        -0.00011528148
        -0.00054962425        -0.00046208038        -0.00045451104
         0.00000886701         0.00009899073        -0.00011382940
        -0.00000204846         0.00003087562        -0.00007866845
        -0.00001023162        -0.00000663690        -0.00013224206
         0.00001217620        -0.00005349458        -0.00015141597
         0.00005510850        -0.00013200116        -0.00021495658
         0.00023972882        -0.00003495051        -0.00065343117
         0.00002021768         0.00029739789        -0.00039357704
         0.00002178094         0.00003990124        -0.00025824948
        -0.00001426422         0.00000749165        -0.00008739978
        -0.00000064646         0.00012933004        -0.00019641314
        -0.00008590474         0.00012117165        -0.00025200238
        -0.00058788472         0.00134496613        -0.00107549439
         0.00026929124         0.00006530956         0.00003986531
         0.00027656564         0.00012092799        -0.00000483710
         0.00026566674         0.00013385541        -0.00007279067
         0.00021574627         0.00008619388        -0.00011852608
         0.00021048814        -0.00003089149         0.00014555801
         0.00011732527         0.00008710452        -0.00031833359
         0.00049746378         0.00021198063        -0.00006261872
         0.00045289425         0.00013668629        -0.00017203363
        -0.00067887531         0.00010792029        -0.00054155259
         0.00176274866         0.00097249631        -0.00020080413
         0.00095355494         0.00001077252         0.00106651769
        -0.00044488062         0.00044834221        -0.00061727330
         0.00096184288        -0.00033836232        -0.00030301129
         0.00027226055        -0.00049122617        -0.00044021172
        -0.00049384973        -0.00054774050        -0.00050713894
         0.00048966859         0.00085946680        -0.00133366825
         0.00041117868        -0.00019505960         0.00098289174
         0.00058711556         0.00079279386         0.00050823234
         0.00015618861         0.00090319968        -0.00024190828
         0.00005079271        -0.00037096178        -0.00012284738
         0.00000932427         0.00005550815        -0.00007153457
         0.00008888009        -0.00018446435        -0.00017579864
        -0.00000527315        -0.00013472101        -0.00007861691
        -0.00001255128         0.00009877830        -0.00013798257
        -0.00001302367         0.00002839581        -0.00008893563
         0.00001033926        -0.00006378694        -0.00008639362
        -0.00001934044        -0.00000997499        -0.00009873379
         0.00000003469        -0.00002331117        -0.00018075084
         0.00001996727        -0.00009110833        -0.00014556939
         0.00010246983        -0.00023106033        -0.00032692850
        -0.00000887462         0.00014423854        -0.00027521109
         0.00021781827         0.00001063360         0.00005932613
         0.00023757176         0.00008868490        -0.00002560050
         0.00032161282         0.00016640027        -0.00001896942
         0.00026557247         0.00010249388        -0.00012959903
         0.00014565462         0.00004786419        -0.00017346257
         0.00144159906         0.00000638674         0.00061956383
         0.00214860724         0.00107279953        -0.00117401256
        -0.00003960782        -0.00026190728         0.00044304776
         0.00091997872         0.00241633143         0.00040219533
         0.00082291138        -0.00002306711        -0.00044712240
         0.00087754654        -0.00013657253        -0.00030024443
        -0.00008026961        -0.00075155183        -0.00021699309
        -0.00020551536         0.00010908005        -0.00077438143
         0.00001557424         0.00008464725        -0.00008487136
         0.00000223564         0.00003650775        -0.00006576230
        -0.00003450270        -0.00007155443        -0.00003211143
        -0.00002644015        -0.00006018026        -0.00005348467
        -0.00001703836        -0.00004078836        -0.00003239279
        -0.00004920845        -0.00005125519        -0.00000460131
        -0.00005418453        -0.00003493862        -0.00000428629
        -0.00006348156        -0.00002657349        -0.00001609895
        -0.00009175199        -0.00002992474        -0.00004338316
        -0.00015197918        -0.00007213025        -0.00001658837
        -0.00008268156        -0.00005884243        -0.00000334897
        -0.00002983524        -0.00005010106        -0.00001720144
        -0.00007281186        -0.00008286487        -0.00002963676
        -0.00010813948        -0.00012348041         0.00002928254
        -0.00017427891        -0.00000711398        -0.00011195726
         0.00003580958        -0.00001863071        -0.00005986781
         0.00005757935        -0.00003448672        -0.00007653137
         0.00000902973        -0.00002181482        -0.00008516258
        -0.00001795250        -0.00000762214        -0.00026537463
         0.00075552951        -0.00028930085        -0.00088637752
         0.00128795032        -0.00078175622        -0.00023442259
         0.00014000779        -0.00016787755        -0.00013386655
         0.00016075522        -0.00015489029        -0.00025602592
        -0.00004126585        -0.00002286430        -0.00011380104
         0.00009329565        -0.00007401824        -0.00012562616
         0.00001901840        -0.00010808147        -0.00017192233
         0.00001568909        -0.00003706778        -0.00010628648
        -0.00000483719        -0.00003311971        -0.00004576108
        -0.00004343556        -0.00008336123        -0.00004196193
        -0.00002413380        -0.00005402448        -0.00002971093
        -0.00003990234        -0.00005240285        -0.00000514673
        -0.00006453715        -0.00004907321         0.00000182270
        -0.00005204930        -0.00002631900        -0.00000842623
        -0.00006871756        -0.00002383422        -0.00003113998
        -0.00015102615        -0.00003400337        -0.00003947204
        -0.00010473702        -0.00008564920        -0.00000325219
         0.00005146591        -0.00002411195        -0.00005828442
         0.00001769541        -0.00001831117        -0.00006439232
        -0.00008255476        -0.00000998681        -0.00015968200
         0.00009908573        -0.00004898242        -0.00039217199
         0.00007841012        -0.00037800304        -0.00013124166
         0.00010407383        -0.00012598386        -0.00017138370
         0.00004764873        -0.00004645550        -0.00009669006
        -0.00000739879        -0.00002600375        -0.00009367972
        -0.00000775443        -0.00004136767        -0.00005623380
        -0.00000756870        -0.00003213281        -0.00003784175
        -0.00004976111         0.00011894425        -0.00009056578
        -0.00003746883         0.00011426427        -0.00013031208
        -0.00007884107         0.00008097987        -0.00012594252
        -0.00013590553         0.00021804696         0.00023480075
        -0.00001472820         0.00018330509         0.00009612831
        -0.00001063588         0.00018612586         0.00004483873
        -0.00002069419         0.00025763169         0.00019628315
        -0.00001513122         0.00030402763         0.00003755611
        -0.00031080839         0.00056977497         0.00002220063
        -0.00009925995         0.00025825285         0.00014513467
        -0.00008664250         0.00029578483        -0.00003403180
        -0.00009843210         0.00028825846         0.00006122934
        -0.00019402866         0.00031775923         0.00014839561
        -0.00014893789         0.00024067048        -0.00007273744
        -0.00047945083         0.00023674085         0.00050193375
        -0.00013375672         0.00049898663         0.00030384298
        -0.00011133266         0.00049781049         0.00006973981
        -0.00008170885         0.00018022502        -0.00008163779
        -0.00005848786         0.00012734309        -0.00007158520
        -0.00005143357         0.00009422605        -0.00010759682
         0.00000505090         0.00019751645         0.00013439350
        -0.00001297454         0.00015795010         0.00006044906
         0.00000583028         0.00022350536         0.00002968989
        -0.00028744069         0.00054582964         0.00012849597
        -0.00040464302         0.00087632681         0.00035523767
        -0.00009696233         0.00029996401         0.00022280910
        -0.00012612106         0.00026161199         0.00010425521
        -0.00009958316         0.00022047062        -0.00005394363
        -0.00007537819         0.00034639143         0.00003116652
         0.00009544550        -0.00007391639         0.00009683080
         0.00010509944        -0.00008182891         0.00005759963
        -0.00001830747         0.00010949086         0.00034101746
         0.00008064144        -0.00009619156         0.00001381991
         0.00027409754        -0.00006951629         0.00000013377
         0.00017736818        -0.00008349121         0.00010225595
         0.00012709937        -0.00012837081         0.00012418052
         0.00103573519        -0.00001983209        -0.00022612859
         0.00004702289        -0.00013226160         0.00015831647
         0.00007962216        -0.00007823608         0.00014396997
         0.00025405086        -0.00008578754         0.00021328579
         0.00002249104         0.00004764756         0.00020412037
         0.00006959971         0.00016157958         0.00029979964
         0.00028490786         0.00009949474         0.00075191221
         0.00033620546        -0.00014399395         0.00045064577
         0.00013670773        -0.00013672412         0.00025594111
         0.00004373864        -0.00009116681         0.00019261187
        -0.00000274236        -0.00006370685         0.00023636728
         0.00009486757        -0.00007909179         0.00044483654
         0.00002345438         0.00030085460         0.00065153854
         0.00001410000         0.00000970118         0.00028282397
        -0.00008461948        -0.00003620339         0.00036519467
        -0.00000846583        -0.00006806275         0.00013856605
         0.00001119718        -0.00002086211         0.00002837726
         0.00001217422        -0.00001982787         0.00003732435
         0.00001757873        -0.00002020146         0.00005244201
         0.00001947524        -0.00002443406         0.00003785712
         0.00000757769        -0.00002184106         0.00002158416
         0.00002281477        -0.00003446596         0.00003789859
         0.00000772335        -0.00002529965         0.00004673886
         0.00002114126        -0.00003112185         0.00007522292
        -0.00001081215        -0.00004508851         0.00008253481
        -0.00002226264        -0.00003206963         0.00006772975
         0.00000720354        -0.00003730036         0.00002150114
        -0.00001362581        -0.00003378150         0.00005153186
         0.00001348201        -0.00005081565         0.00009880341
        -0.00000220552        -0.00002993969         0.00004591077
        -0.00001035598        -0.00003834709         0.00004098892
         0.00000668473        -0.00002820474         0.00002918056
         0.00000419811        -0.00003265382         0.00004027430
         0.00000761924        -0.00003955362         0.00006186950
         0.00002644927        -0.00004942565         0.00007559218
         0.00002752112        -0.00005092423         0.00005369524
         0.00001330830        -0.00003828974         0.00004162018
         0.00000256910        -0.00003788605         0.00003201232
         0.00001835383        -0.00007057227         0.00007087518
         0.00000091961        -0.00003051924         0.00001697824
         0.00000647016        -0.00002811611         0.00002107231
         0.00001674154        -0.00004268616         0.00003320039
         0.00004976730        -0.00006903698         0.00008540669
         0.00004452819         0.00007995414         0.00017000273
         0.00007259179        -0.00006701308         0.00010451897
         0.00012744241        -0.00009192081         0.00009554739
        -0.00000558422         0.00005011409         0.00025821980
        -0.00000384576         0.00018673275         0.00038342515
         0.00014675783        -0.00006044895        -0.00024622086
         0.00022626281        -0.00007019312         0.00011916406
         0.00003461564         0.00033559285         0.00101767175
         0.00028959137        -0.00010557934         0.00066194844
         0.00024433179        -0.00014581764         0.00030835163
         0.00007529293        -0.00011015814         0.00018764736
         0.00000328147        -0.00009123814         0.00019699809
         0.00000274898        -0.00003980814         0.00033580844
         0.00000951469        -0.00001951019         0.00002293308
         0.00001450963        -0.00002036800         0.00003349019
         0.00001140136        -0.00002035230         0.00004453554
         0.00002483993        -0.00002360620         0.00006503444
         0.00002448167        -0.00002814548         0.00003789704
        -0.00000344395        -0.00005899529         0.00010183772
        -0.00001928514        -0.00004012519         0.00006629878
         0.00001190075        -0.00004480737         0.00002712316
         0.00000485956        -0.00003082413         0.00001841312
        -0.00000881111        -0.00003226750         0.00004331849
         0.00000579360        -0.00002537675         0.00002291442
         0.00000665407        -0.00003435049         0.00003587470
         0.00000428129        -0.00003180395         0.00004859526
         0.00001730830        -0.00004272957         0.00007774807
         0.00003030478        -0.00006011007         0.00007165033
         0.00001995929        -0.00004156684         0.00004148291
         0.00003035535         0.00005128327         0.00016042440
         0.00005697652         0.00012561286         0.00020362821
         0.00021414044        -0.00014756429         0.00001506909
        -0.00003189493         0.00008577315        -0.00005667924
        -0.00004843775         0.00005051038        -0.00007526304
        -0.00006925083         0.00012587070        -0.00005631509
         0.00001105743        -0.00016144297        -0.00001688495
         0.00002368457        -0.00009434779        -0.00003012847
         0.00001066006        -0.00006150382        -0.00002243004
         0.00000798432        -0.00006591509        -0.00001282471
         0.00001897350        -0.00009786853         0.00000003454
         0.00003016500        -0.00011498006        -0.00001728871
         0.00005932592        -0.00009862082        -0.00000659586
         0.00002593330        -0.00006944931         0.00000173793
        -0.00010990097         0.00016088864        -0.00016759537
         0.00023085641        -0.00034257151        -0.00008877527
         0.00006536885        -0.00016066235         0.00002276576
         0.00000902768        -0.00006371367         0.00000060497
        -0.00048974011         0.00034276603        -0.00028128673
         0.00000385224        -0.00014410148        -0.00002312045
        -0.00000402797        -0.00006249219        -0.00003981483
        -0.00000374420        -0.00004761375        -0.00002238658
        -0.00002065274        -0.00002114477        -0.00002262662
        -0.00002304508        -0.00002488767        -0.00002158258
        -0.00001548272        -0.00001949923        -0.00001519561
        -0.00001237247        -0.00004457985        -0.00000957238
        -0.00001664707        -0.00004454191        -0.00000610977
        -0.00001046821        -0.00003206419        -0.00000626871
        -0.00001764853        -0.00003214429        -0.00001498099
        -0.00002078775        -0.00001242487        -0.00002533881
        -0.00001770553        -0.00002463754        -0.00002130856
        -0.00001118864        -0.00003450152        -0.00001466831
        -0.00001250079        -0.00001156026        -0.00001443959
        -0.00001105057        -0.00001755908        -0.00001178481
        -0.00000804026        -0.00002328212        -0.00000782082
        -0.00014635921         0.00006546923         0.00000912283
        -0.00002747428        -0.00083699778         0.00045879886
        -0.00000432972        -0.00004912923        -0.00000866220
        -0.00000452684        -0.00002859171        -0.00000270233
        -0.00001112190        -0.00002234285        -0.00001343478
        -0.00001450530        -0.00001023039        -0.00001790131
        -0.00001199445        -0.00000530518        -0.00001554930
        -0.00001718284        -0.00000279019        -0.00002225989
         0.00000075030        -0.00005191632         0.00000323041
        -0.00000090502        -0.00005252000         0.00001238006
        -0.00000057798        -0.00003785249         0.00000451998
         0.00000806038        -0.00004632620         0.00001171667
         0.00001327631        -0.00004225223         0.00000361358
         0.00000408993        -0.00004251245        -0.00000195483
         0.00000081697        -0.00002855712         0.00000043048
         0.00041309447        -0.00060787968         0.00067315933
         0.00000588624        -0.00003214023         0.00000092380
        -0.00001265228         0.00000058943        -0.00001761611
        -0.00013689154        -0.00016744668        -0.00024059543
        -0.00008254536         0.00009153273        -0.00012910033
        -0.00011612345         0.00004890249        -0.00007869069
        -0.00006131064        -0.00000546946        -0.00005577125
        -0.00003596532        -0.00001223274        -0.00004082725
        -0.00003196121        -0.00001671457        -0.00003798939
        -0.00004597200        -0.00002567247        -0.00005428570
        -0.00006635534        -0.00001150144        -0.00007169350
        -0.00006872121        -0.00011801098        -0.00005106628
        -0.00003200453        -0.00007254706        -0.00005299990
        -0.00001857237        -0.00004731852        -0.00003627232
        -0.00001488797        -0.00005541279        -0.00002727769
        -0.00002458402        -0.00008477462        -0.00003248194
        -0.00003668559        -0.00009685920        -0.00005765336
        -0.00008960215        -0.00005072586        -0.00007834228
        -0.00003085580        -0.00004373464        -0.00003787011
        -0.00012192525         0.00016298744         0.00000042795
        -0.00039018354         0.00047143169        -0.00033888356
        -0.00008050735        -0.00026270521        -0.00029088697
        -0.00006247680         0.00001033033        -0.00008149100
        -0.00007653112        -0.00005670582        -0.00009669985
        -0.00005056640        -0.00014803662        -0.00006404163
        -0.00002843699        -0.00002604606        -0.00003271366
        -0.00001739917        -0.00005278939        -0.00002036796
         0.00011050592        -0.00015193330         0.00004366578
         0.00041356296         0.00008490667        -0.00010122972
        -0.00003396524         0.00005979991        -0.00006126306
        -0.00004029731         0.00011935461        -0.00005174583
        -0.00018229965        -0.00023480529         0.00001079528
         0.00003727922        -0.00011685721        -0.00001825139
         0.00001037684        -0.00006875930        -0.00003249233
         0.00000546415        -0.00005504959        -0.00001775103
         0.00001543122        -0.00007378000        -0.00000267144
         0.00002933352        -0.00012947112        -0.00000563966
        -0.00002176680        -0.00002106448        -0.00002531751
        -0.00001924039        -0.00002453423        -0.00001857818
        -0.00001249156        -0.00001592783        -0.00001299325
        -0.00001122074        -0.00004531417        -0.00001317371
        -0.00001429551        -0.00003829406        -0.00000926605
        -0.00000756754        -0.00002699129        -0.00000512098
        -0.00000952905        -0.00002003503        -0.00001064804
        -0.00001298720        -0.00002623455        -0.00001664237
        -0.00001231745        -0.00000896673        -0.00001518900
        -0.00001705775        -0.00000801850        -0.00002135865
         0.00000229916        -0.00005179135        -0.00000167046
         0.00000179985        -0.00004676197         0.00000787945
         0.00000387499        -0.00002835774         0.00000179576
         0.00000753357        -0.00003801334        -0.00000036374
        -0.00001126955        -0.00000182258        -0.00001550720
        -0.00001507856         0.00000155435        -0.00002036678
        -0.00008734860        -0.00013164586        -0.00010898557
        -0.00038150102        -0.00015504262        -0.00064397804
        -0.00006657436         0.00003943988        -0.00010068698
        -0.00009113586         0.00017169430        -0.00008801058
        -0.00016952888         0.00017753203        -0.00003460650
        -0.00008434796        -0.00000670270        -0.00007373560
        -0.00004239969        -0.00000769341        -0.00004484203
        -0.00002890149        -0.00001351696        -0.00003464204
        -0.00003437429        -0.00002827009        -0.00004051847
        -0.00006341789        -0.00001875658        -0.00007708499
        -0.00014134077        -0.00000144556         0.00005671565
        -0.00005650674        -0.00008833644        -0.00006417746
        -0.00001833167        -0.00005509478        -0.00004367551
        -0.00001266509        -0.00004589425        -0.00002771680
        -0.00002212216        -0.00005867171        -0.00002964665
        -0.00002674564        -0.00011799767        -0.00004519407
        -0.00000145247        -0.00003051310         0.00000132484
        -0.00012276375        -0.00002046373         0.00010666989
        -0.00016779536        -0.00002575269         0.00022376779
        -0.00026556437         0.00015738964         0.00013551942
        -0.00022748185         0.00004291998         0.00017300755
        -0.00019082362         0.00001426765         0.00016949348
         0.00002270652         0.00000341847        -0.00007088556
         0.00003994156         0.00002590712        -0.00008684187
         0.00013292173         0.00004719725        -0.00009735640
         0.00009110925         0.00000422355        -0.00007914324
         0.00005634829         0.00001091997        -0.00008176303
         0.00000263286        -0.00001053474        -0.00006013349
         0.00006111974        -0.00001468309        -0.00009669387
        -0.00002662119        -0.00002015430        -0.00001720640
        -0.00003343251        -0.00002892733         0.00000320036
        -0.00004445587        -0.00003750098         0.00001890165
        -0.00002589791        -0.00002413444         0.00001205620
        -0.00002489201        -0.00001919842        -0.00000470220
        -0.00004865897        -0.00003352608        -0.00002308294
        -0.00003300670        -0.00002377130        -0.00001171215
        -0.00001521117        -0.00001160329        -0.00001632647
        -0.00002159538        -0.00001580703        -0.00004236462
        -0.00001853791        -0.00001397236        -0.00002537489
        -0.00002184919        -0.00001643123        -0.00001412205
        -0.00003160161        -0.00002431391        -0.00003603198
        -0.00002311311        -0.00002018222         0.00000168618
        -0.00002154632        -0.00001782718        -0.00000743292
        -0.00001761257        -0.00001338472        -0.00001481621
        -0.00004571647        -0.00003405455        -0.00000236379
        -0.00003788794        -0.00002737798        -0.00002152160
        -0.00002533271        -0.00001681716        -0.00003148850
        -0.00005574886        -0.00003961645        -0.00004506709
        -0.00001882133        -0.00001930254        -0.00006092586
        -0.00001183774        -0.00000869562        -0.00001537776
        -0.00001381088        -0.00000875199        -0.00003473918
        -0.00003075014        -0.00002985669         0.00002670533
        -0.00002436414        -0.00001855140         0.00002512515
        -0.00005247461        -0.00002815085         0.00005550021
        -0.00003431314        -0.00002077476         0.00003623314
        -0.00000884371        -0.00000670708        -0.00001881235
        -0.00000350243        -0.00000319225        -0.00003954880
        -0.00000723720        -0.00000588505        -0.00002705306
        -0.00002135032        -0.00002070314         0.00001934691
        -0.00004388842        -0.00003306073         0.00003666934
        -0.00003421037        -0.00002765930         0.00005464383
        -0.00007371950        -0.00002264064         0.00007360178
         0.00000675165        -0.00000123550        -0.00004883172
        -0.00007880440        -0.00006208684        -0.00008906190
        -0.00012176780        -0.00007353653        -0.00017678944
         0.00027134086        -0.00033054846        -0.00098880312
         0.00000133717        -0.00021489745        -0.00027572533
        -0.00006417635        -0.00010345946        -0.00021177602
         0.00000314745        -0.00001317696        -0.00009823074
         0.00001579262         0.00001170423        -0.00016122933
         0.00023369639         0.00006292445        -0.00020825110
         0.00012585172        -0.00003702362        -0.00015995470
         0.00005216965        -0.00001409805        -0.00014953520
        -0.00002138261        -0.00003694940        -0.00014990716
         0.00028058209        -0.00008078012        -0.00035441073
        -0.00008973630        -0.00001848471         0.00007438338
        -0.00014559042        -0.00000182324         0.00016646775
        -0.00023268111         0.00007516730         0.00022173686
        -0.00018760773         0.00001390616         0.00013121677
         0.00001171622        -0.00000355360        -0.00005740174
         0.00003855020         0.00001340934        -0.00007445663
         0.00011322480         0.00002245709        -0.00007451254
         0.00006435478        -0.00000111954        -0.00008006160
        -0.00003155851        -0.00002230231        -0.00002522481
        -0.00002155833        -0.00001708322        -0.00001279683
        -0.00004332384        -0.00003594529         0.00000569382
        -0.00002673949        -0.00002466102         0.00000571363
        -0.00002197247        -0.00001807360        -0.00000339878
        -0.00002596422        -0.00001916596        -0.00000927899
        -0.00004426459        -0.00003127124        -0.00003050336
        -0.00004135610        -0.00002969694        -0.00001458895
        -0.00001463032        -0.00001115950        -0.00001414117
        -0.00001776697        -0.00001360096        -0.00001818216
        -0.00002206932        -0.00001883337        -0.00004389106
        -0.00001984712        -0.00001379800        -0.00003340338
        -0.00004073907        -0.00003652934         0.00003141093
        -0.00002497271        -0.00002532877         0.00001926819
        -0.00002019566        -0.00001832167         0.00002300375
        -0.00002675728        -0.00001689868         0.00002974058
        -0.00005492800        -0.00002053979         0.00005702310
        -0.00004114733        -0.00002757427         0.00004589955
        -0.00000921282        -0.00000651834        -0.00001691798
        -0.00000663272        -0.00000555959        -0.00002157244
         0.00000114280        -0.00000307400        -0.00003931317
        -0.00000778761        -0.00000497105        -0.00003348143
        -0.00006024317        -0.00004642401        -0.00005557586
        -0.00007023947        -0.00006631437        -0.00015792786
         0.00024614671        -0.00028644871        -0.00048736546
        -0.00005151774        -0.00012844880        -0.00018107184
        -0.00000575338        -0.00001730937        -0.00007126008
         0.00001347069        -0.00001273448        -0.00014157652
         0.00023711271        -0.00002248349        -0.00022008349
         0.00006700308        -0.00002812193        -0.00012975488
         0.00010147831        -0.00008564985         0.00001682635
         0.00008298401        -0.00005652000         0.00003493447
         0.00011189289        -0.00006625305         0.00004477186
         0.00006222019        -0.00008640527         0.00000023074
         0.00005165753        -0.00007146990        -0.00001236034
         0.00003225764        -0.00005424630        -0.00000887642
         0.00003092722        -0.00005342507         0.00000281804
         0.00004645028        -0.00007160270         0.00001666082
         0.00005799002        -0.00007826913         0.00000301229
         0.00005570326        -0.00016075322         0.00008249702
         0.00007337988        -0.00007363583         0.00002351165
         0.00008224445        -0.00010652893         0.00002530600
         0.00002581074        -0.00005515570         0.00001196792
         0.00001705997        -0.00002172858         0.00000881724
         0.00001265179        -0.00002296989         0.00000829175
         0.00002058027        -0.00002929291         0.00000893455
         0.00001691022        -0.00004269804         0.00001349454
         0.00001484462        -0.00004575191         0.00002263474
         0.00000927600        -0.00003461442         0.00001246689
         0.00002092376        -0.00003872324         0.00000813889
         0.00000990585        -0.00002669933         0.00000889307
         0.00000560749        -0.00002861159         0.00000521661
         0.00006279994        -0.00017914611         0.00001882949
         0.00001357348        -0.00002908910         0.00000646012
         0.00009271698        -0.00003872406         0.00003462372
         0.00009289127        -0.00007399846         0.00003360317
         0.00008834757        -0.00009835415         0.00004033609
        -0.00000778645        -0.00011622836         0.00001578784
         0.00005993793        -0.00008203877        -0.00000467591
         0.00003745605        -0.00005791052        -0.00001558691
         0.00002670025        -0.00004810650        -0.00000413739
         0.00003216567        -0.00006251879         0.00000823340
         0.00006453081        -0.00008185826         0.00001617616
         0.00001381322        -0.00002051659         0.00000858985
         0.00002028107        -0.00002474002         0.00000836762
         0.00001905930        -0.00004462465         0.00000927957
         0.00001225562        -0.00004247057         0.00001507669
         0.00000754820        -0.00002893015         0.00000881469
         0.00001117013        -0.00002527520         0.00000698564
         0.00001779243        -0.00003156516         0.00000646716
         0.00008044251        -0.00004214324         0.00003584550
         0.00011160768        -0.00004224201         0.00003831948
        -0.00004809791         0.00002281685         0.00012468246
        -0.00004385723         0.00003655309         0.00020674421
        -0.00007342170         0.00018516570         0.00030088953
        -0.00009737345         0.00011090931         0.00017430995
        -0.00007415913         0.00006255738         0.00016925736
        -0.00010091211         0.00001821214         0.00016495248
        -0.00020440283         0.00012497116         0.00025054618
        -0.00000836797        -0.00000498102         0.00003282779
        -0.00000959384        -0.00000175152         0.00004351009
        -0.00000860908        -0.00000946073         0.00003004705
        -0.00001295136        -0.00000727627         0.00005722916
        -0.00002001275        -0.00002308993         0.00004343356
        -0.00001467135        -0.00000982735         0.00003273540
        -0.00002748093        -0.00000880122         0.00006836849
        -0.00002076802        -0.00000972586         0.00004552050
        -0.00002254979        -0.00001420344         0.00003361173
        -0.00004367547        -0.00001265268         0.00006002959
        -0.00001791553        -0.00001885210         0.00002792175
        -0.00001313545        -0.00001500989         0.00003399382
        -0.00002062839        -0.00001778850         0.00005872628
        -0.00004248303         0.00000039847         0.00008628439
        -0.00004388623         0.00001296772         0.00009287763
        -0.00006757452         0.00003583135         0.00016746210
        -0.00013220341         0.00016203338         0.00024592445
        -0.00007662932         0.00007327967         0.00014350545
        -0.00000660505        -0.00000676024         0.00003039456
        -0.00000848809        -0.00000210560         0.00003546691
        -0.00000857211        -0.00000232331         0.00005320239
        -0.00002434087        -0.00002504299         0.00005616082
        -0.00001587436        -0.00001942972         0.00003449070
        -0.00001214035        -0.00001132513         0.00003031588
        -0.00001943932        -0.00001037400         0.00003587712
        -0.00003612101        -0.00000579282         0.00006743400
        -0.00002041759        -0.00001095384         0.00005745089
        -0.00251563071        -0.00115556543        -0.00069166808
        -0.00314109332        -0.00002468847        -0.00008457212
        -0.00045317352         0.00122559534         0.00190448505
        -0.00155342894         0.00171800137         0.00038627056
        -0.00063724724        -0.00235220473         0.00194014267
        -0.00174738593         0.00088630803         0.00153934825
        -0.00285419813        -0.00064953601        -0.00107466388
         0.00086949035         0.00138869190         0.00038362783
        -0.00047315297         0.00165148448         0.00065765746
         0.00010003877         0.00208754659         0.00095683870
         0.00160289918         0.00125174055         0.00016282078
         0.00102610172        -0.00001704773         0.00211762459
        -0.00004276078        -0.00008952360         0.00000040922
        -0.00003016761        -0.00010398393        -0.00003551402
         0.00000796164         0.00000212077         0.00009562371
         0.00002575925        -0.00000798774         0.00010222362
         0.00005377171        -0.00000628491         0.00011605263
         0.00003966449        -0.00003643735         0.00005232484
         0.00004873879         0.00004599377         0.00011647242
         0.00000690258        -0.00008453361         0.00004979094
        -0.00002034715        -0.00009829277         0.00000871107
         0.00020710827         0.00007055428         0.00013831435
        -0.00003163244        -0.00006485311        -0.00005769136
         0.00007815379         0.00018528810         0.00003130187
         0.00011499242         0.00013216791         0.00011220601
         0.00002789674         0.00022717899         0.00006548576
        -0.00004914119        -0.00007483588         0.00010857887
        -0.00003873445        -0.00010967432         0.00011960259
        -0.00000948792        -0.00002088856         0.00012005533
         0.00000791860        -0.00004589245         0.00013676214
        -0.00004562591        -0.00002453519        -0.00008076207
         0.00003840868        -0.00004526794         0.00004058404
         0.00003477306        -0.00004262574         0.00002593614
         0.00006748817        -0.00003328803         0.00003624307
        -0.00013949471         0.00002263167        -0.00012747353
         0.00006671773        -0.00004952243         0.00001597427
         0.00003893746        -0.00004136450         0.00001816605
        -0.00003966154        -0.00027251730        -0.00016720426
        -0.00002942415        -0.00024606011        -0.00013350666
         0.00013845802        -0.00012232332        -0.00008266897
         0.00012988457        -0.00012436733        -0.00001866908
        -0.00026892306         0.00019371797         0.00009002750
        -0.00022188878         0.00016220140        -0.00009745521
         0.00010894171        -0.00003459532        -0.00003223957
         0.00010638740        -0.00005558602         0.00000171941
         0.00011844283        -0.00000425663        -0.00001910892
         0.00009716601        -0.00002638483         0.00001185548
         0.00018995181         0.00000700878         0.00002590494
        -0.00001014604        -0.00010033970         0.00000539635
         0.00002975921        -0.00007159564         0.00004027824
         0.00002501873        -0.00006704667         0.00002133687
        -0.00004880571        -0.00016223991        -0.00008620936
         0.00003028763        -0.00015187775        -0.00002709355
         0.00006373275        -0.00010857209         0.00000412197
         0.00002596059        -0.00007367264         0.00000894430
        -0.00000714805         0.00005862260        -0.00005502394
         0.00001296412         0.00012589974        -0.00003910989
         0.00002305875         0.00011759470        -0.00009563911
        -0.00000358749        -0.00002690497         0.00001535197
        -0.00000997298        -0.00000444858        -0.00001442098
         0.00013292108         0.00009047607        -0.00008372524
        -0.00002052908        -0.00001695631        -0.00001185799
        -0.00002187612        -0.00001944980        -0.00001192940
        -0.00002453083        -0.00002516871         0.00000537526
        -0.00002448941        -0.00002945914         0.00000482321
        -0.00002200828        -0.00002638617         0.00001899592
        -0.00001928478        -0.00003156246         0.00002146979
        -0.00001217848         0.00001256510        -0.00005010228
        -0.00001044613         0.00000160633        -0.00002227073
        -0.00001102574         0.00001578575        -0.00003849426
        -0.00001560347         0.00000231433        -0.00002738044
        -0.00001374439        -0.00002091259        -0.00000408444
        -0.00001341045        -0.00001335325        -0.00001082532
        -0.00009980170        -0.00000417311        -0.00000939047
        -0.00005898161        -0.00001416783         0.00001412215
        -0.00005202306        -0.00002113794        -0.00000056244
        -0.00000149387         0.00001201193         0.00007473763
        -0.00003416344        -0.00001503806         0.00007231653
        -0.00004667054        -0.00003360026         0.00005831743
        -0.00006470297         0.00006396511        -0.00006069675
        -0.00009799378         0.00007149693         0.00000470785
        -0.00005472437         0.00006069718        -0.00002967683
        -0.00005968873         0.00007626593         0.00001620018
        -0.00004624173        -0.00004581490         0.00002398611
        -0.00003213827        -0.00004725741        -0.00010881416
        -0.00008986274        -0.00001734160        -0.00006410913
        -0.00010330979         0.00003982702         0.00003657243
        -0.00008535094         0.00005438305         0.00005143645
        -0.00006053701         0.00005845040         0.00005437634
        -0.00006092324         0.00000342534         0.00004010774
        -0.00005499444         0.00001456855         0.00005228884
        -0.00004255515         0.00002352695         0.00005568440
        -0.00001621937        -0.00005425435        -0.00003684350
        -0.00000317920        -0.00005699514        -0.00006152809
         0.00019570301         0.00012502522        -0.00009394249
         0.00027398746         0.00018796817         0.00005198968
         0.00019047847         0.00002193778        -0.00016519917
         0.00009953483         0.00000168188        -0.00016150442
         0.00017190055         0.00005727713        -0.00001398867
         0.00018456303         0.00001630423         0.00000990171
         0.00012967809         0.00003383458        -0.00011277443
        -0.00001632783        -0.00002481361        -0.00007429978
         0.00000700806        -0.00003998234        -0.00006989515
        -0.00000188660        -0.00002975895        -0.00004198309
         0.00017643673        -0.00000514609         0.00005934872
         0.00000582793         0.00002590027        -0.00005692562
         0.00003624122         0.00008995357        -0.00008636796
        -0.00007531287        -0.00001719965        -0.00002836409
        -0.00004647850        -0.00002147781        -0.00003765107
        -0.00003823914        -0.00002261756        -0.00001353500
         0.00001723999        -0.00001544500        -0.00006243931
         0.00007325703        -0.00002079543        -0.00005231767
         0.00003969045        -0.00002339799        -0.00004367073
         0.00000699060        -0.00001756001        -0.00005043242
        -0.00003435484        -0.00004096142        -0.00000159020
         0.00002875110        -0.00004442552        -0.00007751720
        -0.00001788342        -0.00002275726        -0.00006711046
        -0.00000645161        -0.00002407735        -0.00003094308
        -0.00000653778        -0.00003183325        -0.00005425153
        -0.00001875027         0.00002447587        -0.00007307652
        -0.00010133922         0.00007661418        -0.00009348998
        -0.00006354949         0.00009241613        -0.00006458882
        -0.00003087965         0.00013155915         0.00005025700
        -0.00000006985         0.00018414234        -0.00000138651
         0.00000444863         0.00012996573         0.00005142108
         0.00005017160         0.00020683951         0.00012704033
         0.00004692824         0.00022360658         0.00003719265
        -0.00011437284         0.00018229476         0.00007053434
        -0.00008169162         0.00016953413        -0.00002378679
         0.00000784599         0.00009320102        -0.00006909123
        -0.00000398338         0.00003351407        -0.00005524795
         0.00000096661         0.00014439564         0.00012230416
         0.00000249757        -0.00002322301         0.00001998398
         0.00002817306        -0.00001609483         0.00007053033
         0.00000815670        -0.00001580418         0.00004135272
         0.00003197181        -0.00002714525         0.00006176275
         0.00003250663        -0.00002881896         0.00004533116
         0.00001521768        -0.00001631658         0.00003023062
         0.00001169313        -0.00001900833         0.00002119374
         0.00002335780        -0.00002480374         0.00003040118
        -0.00001253836        -0.00002073259         0.00003266576
        -0.00000930578        -0.00002644552         0.00003421742
         0.00008083608        -0.00003678029         0.00004707220
         0.00013020490        -0.00003647801         0.00005080059
         0.00000753020        -0.00001630623         0.00002066361
         0.00009406920         0.00012961515         0.00017880980
         0.00004429795         0.00003326952         0.00013915155
         0.00000737267        -0.00004517407        -0.00001316111
         0.00001179965        -0.00005680016        -0.00003542122
         0.00002848863        -0.00005693644        -0.00002474480
        -0.00003489966         0.00010351406        -0.00003299689
        -0.00001303011        -0.00001646112        -0.00001089650
        -0.00001095278        -0.00001515024        -0.00001049855
        -0.00000940425        -0.00002643149        -0.00000139991
        -0.00000746147        -0.00002355774        -0.00000395809
        -0.00000778398        -0.00001665221        -0.00000953889
        -0.00001172034        -0.00002330595        -0.00001705641
        -0.00001028384        -0.00000891956        -0.00001282013
        -0.00001582549        -0.00000683680        -0.00002001609
        -0.00000396276        -0.00002945363         0.00000594877
        -0.00000156908        -0.00002666827         0.00000281630
        -0.00001611960         0.00000602556        -0.00002283845
         0.00000333476        -0.00002367899         0.00000041556
         0.00000684320        -0.00003498815        -0.00000419122
        -0.00000955167        -0.00000135562        -0.00001323227
        -0.00001432657         0.00000230120        -0.00001876819
        -0.00001388949        -0.00003307683        -0.00002498257
        -0.00002251191        -0.00002020077        -0.00002974870
        -0.00002543307        -0.00000476838        -0.00003003085
        -0.00002143913        -0.00003784829        -0.00004528413
        -0.00003597191        -0.00001741249        -0.00004465101
        -0.00003872257         0.00000568461        -0.00003864890
         0.00003485648         0.00001321664        -0.00005774589
         0.00008964515         0.00002527909        -0.00005704191
        -0.00008869736        -0.00002627119         0.00004638472
         0.00001507094        -0.00000537359        -0.00004992020
        -0.00019101991        -0.00002729709         0.00007777496
        -0.00013641312         0.00002603941         0.00011005911
         0.00004751761        -0.00000637837        -0.00006129437
        -0.00001693316        -0.00001483845         0.00001885769
        -0.00000761746        -0.00000561100        -0.00001402992
        -0.00002445598        -0.00001745268        -0.00000639194
        -0.00004199756        -0.00002856370        -0.00001875929
        -0.00001532981        -0.00001227257        -0.00001688572
        -0.00001548551        -0.00001556896        -0.00003669556
        -0.00002606370        -0.00001426848         0.00002404968
        -0.00005146373        -0.00001899329         0.00004003359
        -0.00000631761        -0.00000627703        -0.00001968087
        -0.00000223243        -0.00000694658        -0.00003543812
        -0.00000410928        -0.00000333118        -0.00002085229
         0.00000392304        -0.00000079007        -0.00003371806
        -0.00000663221        -0.00000225105        -0.00003246886
        -0.00006961406        -0.00004574377        -0.00003098969
        -0.00003844027        -0.00003876127        -0.00005966750
        -0.00000862216        -0.00002493259        -0.00006672633
        -0.00011595715        -0.00012100525        -0.00010775453
        -0.00001590481        -0.00008717554        -0.00013317166
         0.00003341978        -0.00004638897        -0.00011086671
        -0.00001804245        -0.00001486840        -0.00000279881
        -0.00001384117        -0.00001099476        -0.00001005815
         0.00001823266        -0.00004496938        -0.00000748026
         0.00002562251        -0.00003971947        -0.00000284053
         0.00003741999        -0.00004882400        -0.00001575342
         0.00002472342        -0.00002489563         0.00001088159
         0.00001379389        -0.00001953101         0.00001087198
         0.00001170063        -0.00001771085         0.00000634709
         0.00001875120        -0.00002305675         0.00000483834
         0.00000485835        -0.00002735776         0.00001402129
         0.00000537991        -0.00002572820         0.00000889767
         0.00000852173        -0.00002236942         0.00000424656
         0.00001623026        -0.00002933006         0.00000245129
         0.00010829279        -0.00003054936         0.00002304473
         0.00006431540        -0.00003578546         0.00002624678
        -0.00007558858        -0.00000471594         0.00007223116
        -0.00005388338         0.00001337316         0.00008131726
        -0.00008660224         0.00005219379         0.00011247431
        -0.00001208224        -0.00001098229         0.00002447901
        -0.00001070860        -0.00000121051         0.00003221122
        -0.00000902037         0.00000308129         0.00006008160
        -0.00000520957        -0.00000044255         0.00003342020
        -0.00000383238        -0.00000700846         0.00003314865
        -0.00000282980        -0.00000335667         0.00005202811
        -0.00001958679        -0.00000762229         0.00003167846
        -0.00003063859        -0.00000137168         0.00005543576
         0.00000954271         0.00004381933         0.00012837595
         0.00001999716         0.00013218049         0.00017440999
        -0.00000564324        -0.00000559603         0.00002541611
        -0.00005651847         0.00010431302         0.00002359917
        -0.00005397119         0.00008246821        -0.00001691631
         0.00000015112         0.00005908311         0.00011248224
        -0.00002909710         0.00004542638        -0.00004785413
        -0.00001081267         0.00020312182         0.00000507236
        -0.00000860617        -0.00000527538        -0.00001900555
        -0.00001144315        -0.00000341620        -0.00001720676
        -0.00001090151        -0.00000123061        -0.00001556951
        -0.00003149598         0.00001584373         0.00008188418
        -0.00005096848         0.00006992605         0.00012238642
         0.00000174958        -0.00014289380         0.00000383954
        -0.00007877947         0.00001065866        -0.00011218355
        -0.00003962418         0.00006412249        -0.00008673413
         0.00023674389         0.00018049322         0.00004119738
         0.00003744857         0.00004859102        -0.00009413399
         0.00009103682        -0.00003746500         0.00008516699
         0.00012623598         0.00004487701         0.00017542638
         0.00018850390         0.00003849155        -0.00003911821
        -0.00001372767         0.00004192691        -0.00007350634
        -0.00004145443         0.00012219655        -0.00005108859
         0.00001991846        -0.00004206478        -0.00008793663
         0.00010991239        -0.00010459753        -0.00018145314
         0.00018383237        -0.00004993166         0.00011519135
         0.00006621936        -0.00004832518         0.00009377396
        -0.00001243874        -0.00000200216        -0.00002659533
