1.792172172044621259e-01
7.685284340823118551e-04
-8.753085207846031477e-04
-1.217140674359909729e-03
7.802049774116549211e-04
3.031071545045208385e-03
-1.401815658393281133e-03
-1.361585274517834688e-03
6.900717654135123027e-04
-1.280390021425032061e-03
-3.180156081623223652e-04
1.468968715524430037e-03
-1.817930721148691697e-03
-4.871289162444991487e-03
3.254425269151981111e-04
1.170594849165998430e-03
-2.070181285395276786e-03
-2.686702724116959984e-03
2.847584519411185296e-03
1.666920632257112020e-03
2.251138339684574489e-03
-2.225619559447675547e-03
1.972822183605792406e-03
-2.707114219653792599e-03
-1.449916939097942951e-03
-4.797003936843162713e-04
3.295888333843762820e-04
3.145420463153274747e-03
-1.578660552555991806e-03
1.324551426134070505e-03
-1.699389458947444653e-03
-8.281737477884297191e-03
2.107337434007996568e-03
-3.470540485147307567e-03
-9.072480668980921394e-04
8.916687159920466590e-04
-1.328507399465857241e-04
-2.978601690293261346e-03
-2.115153342351464710e-03
4.647962687397484693e-03
7.353863635914212327e-03
-4.312347337586654172e-03
4.965889900187254839e-04
-1.593369137110492309e-03
3.362047315951238215e-03
4.790007766760494279e-03
-1.133598318664901959e-03
-1.468679271823668687e-03
-3.166078423041204402e-04
-9.646949175220969177e-04
4.318922417849564406e-04
-1.870441718642190275e-03
9.110580341217267833e-04
-6.889620142904147662e-03
-1.315193693322620327e-03
-4.812999307325735053e-04
-2.172639587932606326e-03
-5.117873761584287168e-03
4.705258513312819690e-03
7.456267481945740190e-03
-1.821172432248431084e-03
3.703344182280640575e-03
-3.188022473996304871e-04
4.139999184001269192e-03
1.885316129859903374e-04
1.152871550014232267e-03
-3.405335775854680743e-04
-4.127220742406553788e-03
5.490720124606421684e-04
-8.731401602001781503e-03
6.987348557988982273e-03
-1.267391057454913400e-02
4.222495291767974085e-04
-6.144504474114714787e-04
4.210889127525532447e-04
-9.320633451974437086e-03
-2.954759647055766117e-04
-1.895658300384320868e-03
-4.282393875948877892e-04
2.615185986224319780e-04
-4.233300807878204175e-04
-4.394753301116592972e-05
2.593333775426278492e-03
5.283351387336116239e-04
1.002416194147333090e-03
-3.252200422838309301e-03
-2.103867329156245379e-03
8.116095564479421792e-03
-7.381069001970448629e-03
4.042346006942445363e-03
2.409818961976927139e-03
3.805867830796346319e-03
1.510176231995226381e-02
-8.049345313084446674e-03
3.906083362370153279e-03
5.723419100076605412e-03
-6.761301087150897119e-04
-1.068292575664874910e-03
9.231304094276861780e-04
-9.255223350984132305e-05
-3.237688471130330346e-04
-7.975339534879288123e-05
3.578317789422038936e-04
-9.710231874816964307e-05
-1.839735026935436198e-03
-1.117208536818990912e-04
2.362852139484037848e-04
9.701269326507520885e-03
9.385876039675947885e-03
-9.602901951609033168e-04
-2.548603949617173504e-03
-1.035924768117708460e-04
4.748112492274793490e-03
1.174806900186692316e-02
3.167501362542962315e-04
-1.486049367985881053e-03
-2.138180366897655428e-03
1.409115472265496576e-04
-1.062385009740076747e-04
1.754179209306457390e-05
1.581129127055530287e-04
-8.998490997007169037e-05
1.455731395741757545e-04
2.107242202551899788e-04
2.681054389980036534e-03
-2.029959669693273943e-04
-1.017168093807722376e-03
3.136633783625548781e-03
3.121513726211942383e-03
-1.422051957730671203e-02
1.399191841535574882e-04
6.367311362047590323e-04
-4.804363969976950186e-04
8.585546518340434266e-03
1.603025188069937684e-02
1.429516256585604099e-02
-4.851054268996212934e-03
-3.913837533641340190e-03
1.330443975312503883e-03
-1.305825175974406095e-03
4.050465276584835819e-04
-3.042241779092548937e-04
3.609605998001980207e-04
-1.095408839015669006e-04
-7.335026082482744183e-05
4.879946686445820348e-06
4.717733132136853864e-04
-9.842754518674676559e-05
-7.214153083639459133e-04
2.788403811382837716e-03
9.241074420006211831e-04
1.057976255215573903e-03
-2.810823042174140536e-03
-1.058769676251226921e-02
-8.747845767390750524e-03
8.266129122115783295e-03
-6.115705263397603784e-04
-4.425352041387425189e-03
-9.204741168894712026e-04
-1.050943356240213213e-02
-4.615067872326953334e-03
8.179379714797973492e-04
1.937844303014511251e-03
-3.770564595680317042e-04
3.583387128087674525e-05
4.921963299781245520e-04
1.265309799332924121e-04
-1.201769538416261763e-04
-4.000269167629839082e-05
-9.347500985893831377e-05
-6.020634799932807028e-05
2.852769456740177154e-04
-1.830148777303051109e-04
-1.089492031726697180e-04
-2.052384803191064852e-03
1.251905703368454614e-03
9.718837150647138129e-04
2.118637470908178808e-04
-2.293282242465074713e-03
6.844612739340576527e-03
-6.801294744654243912e-03
-2.502543913576219317e-03
-2.081316120557822995e-03
-3.949081392085324396e-03
1.573414519517171359e-02
-8.214313490769523107e-03
2.426417602610726233e-03
-2.907390047386863244e-03
-3.579375821567104370e-04
-2.213493337379702271e-03
4.763106396062826223e-05
1.237510711821119668e-03
-6.373736343562859223e-04
-4.332918549921817449e-04
1.125962445594238907e-04
1.661465402179139591e-05
-3.216652448508148122e-04
7.519192624929791572e-05
2.954432610975014179e-04
-1.959883792624503242e-04
-6.665040907681844731e-04
4.810556636743895144e-04
1.475753241739241042e-03
1.226786873822659522e-03
-2.028720546038737145e-03
-4.564285301486856270e-04
-1.222926192779543245e-03
4.657699942781421895e-03
-1.003371143386610001e-02
4.095935760677608777e-03
8.546135371347397336e-04
3.718039490315604547e-04
-2.205630850383636429e-03
9.476156721559009927e-03
-2.266362400586887510e-03
-1.380104992892055085e-03
-4.310910962392316276e-03
3.918662892008644739e-04
5.249730116388866621e-04
-7.866171723826713771e-04
-6.742020108428087950e-04
4.276484621920788082e-04
1.393339958504216051e-04
-9.820723710368255708e-05
-3.015604099965098119e-05
-6.682209960068709147e-05
5.250709431509092452e-05
2.980524651554962998e-04
-2.195357799684672859e-04
-5.765351825289690259e-04
4.362074260423059058e-04
9.777897667144993567e-04
-1.443466690666358110e-03
-1.328633002388753112e-03
-1.624984119541363244e-03
-1.631519982718433867e-03
-2.601380125523957906e-04
2.202099347752060551e-03
2.554548102296986221e-03
-1.802253570709994208e-03
-3.233476815198510143e-03
-5.113089544391154900e-03
1.678077364193795605e-03
-1.831550909280117278e-03
-2.992924413949413047e-03
3.513402073670020276e-03
1.585689551558586066e-03
1.141333077886352767e-03
-2.620699131558552669e-04
-1.299047944539335857e-03
7.081026141679495206e-04
7.480100479354747246e-04
-3.349695689918798279e-04
-2.022007057223037651e-04
-1.194488110165376447e-04
3.116625553821993078e-05
-6.648705996702437685e-05
6.892289794214209817e-05
3.436606692880875974e-04
-2.699095192019744169e-04
-6.955046964802534624e-04
5.577100608655310380e-04
1.123631725768504475e-03
-5.688943635457431158e-04
-1.062795510801818437e-03
-7.384202152185641559e-04
8.914066031481186585e-04
5.603825679591325267e-04
3.974589716010621179e-03
3.878495087081392477e-03
-3.937089793404210773e-03
-6.336486657007804613e-03
1.628665543067110439e-03
4.974491129563662906e-03
-4.446200501749809214e-03
7.769869800307395435e-03
3.337366671666156318e-03
-9.627996744006426123e-05
3.484004717359547379e-03
-4.253244642090711755e-04
-6.742003742855624121e-04
2.542821419889763380e-04
1.048490921139326069e-03
-5.219296562919198672e-04
-6.367838917507126929e-04
3.683407367029794231e-04
2.247342152193047057e-04
-8.746632313220092068e-05
-2.807965209333148087e-05
-5.958005197630156756e-05
8.356095098095857841e-05
3.134396966402459156e-04
-2.547985645135111138e-04
-8.336570727264721063e-04
2.836768622165273005e-04
9.657090851040224955e-04
-4.938617752165666737e-04
-9.550461148023021898e-04
7.330741411305866095e-04
-4.741511734617808761e-04
2.751081039024166983e-03
-1.202884745352835209e-03
2.379062138012255634e-03
-3.352561978683546526e-03
1.713603180823976280e-02
8.146191826713521100e-03
-1.729061724159950591e-03
7.365723074008770702e-03
-3.306486228668594450e-03
7.576748508511631577e-03
-6.776916164222978115e-03
-1.266865862534492229e-03
1.104898448670849596e-03
-1.679913283850654896e-03
6.867048076798650501e-04
1.915890679517826944e-04
-2.263872183663325974e-04
-9.815620776622484365e-04
3.734365424211239610e-04
3.916145327339686823e-04
-1.653015276404357602e-04
-2.223140423191960393e-04
1.039540527762907308e-04
-1.805542787814426800e-05
-8.116378535368666005e-05
1.295944633580247123e-04
4.039846790949364530e-04
-2.849654487206564231e-04
-7.164288024192908087e-04
3.749820129306190818e-04
8.658812748367026441e-04
-3.602912205167246688e-04
-2.946267025184818450e-04
-8.395576147679475933e-04
-1.243499862109743743e-03
2.295615170957388419e-03
1.993440863696585574e-04
4.280658392040490902e-03
2.404370993295909358e-03
-8.061892458392519445e-03
-4.314227368120443322e-03
5.393291275606221583e-03
-2.677453092166805649e-03
-6.960873419608573816e-03
7.063979160551612548e-03
-1.472704524282872351e-02
-1.942889780332819139e-03
4.409802822581319892e-03
-1.511857690973152524e-03
-3.999849548877690460e-04
5.520592216166964918e-04
4.709513541599853531e-04
-2.107879511150763862e-04
6.641564530023252692e-05
7.165360311472933341e-04
-2.817524797978487720e-04
-4.419845573914177187e-04
3.153698539605418426e-04
2.318508528110303150e-04
-8.158724590570046870e-05
-3.366267555212102899e-05
-9.381102327424194957e-05
1.231738430806502901e-04
4.123571947849220473e-04
-3.100661015749050717e-04
-7.236942600582459747e-04
3.279735858880035437e-04
7.568098086853285514e-04
-4.001285095680141152e-06
5.812510373033553598e-05
-9.487219099416477732e-04
-3.304104074238413576e-04
1.852760462031873435e-03
-4.286114848071776590e-04
-5.548510444639737776e-03
-1.904982421344338702e-03
-7.704695400894752844e-04
5.149276991755131518e-03
-1.536505551124803855e-03
-3.708777283551944852e-03
-5.381763390758315807e-03
-5.162965355178999322e-03
5.549056768487004195e-04
-7.881994775325609076e-03
2.131145327700338307e-03
2.433698062440362540e-03
-1.331798093119060996e-03
8.687854400423276197e-04
9.459429284042094850e-04
1.521455152317630847e-03
-5.346053482539201221e-04
-2.956574886682570690e-05
1.035521452376645876e-05
-3.433805123792540515e-04
2.411538211526543640e-04
3.922781040488036719e-04
-2.295816980354798646e-04
-1.666009044793575512e-04
8.695424222614862517e-05
2.528227659867243932e-05
-9.381001953127152267e-05
1.355536166657950962e-04
4.463933750386118266e-04
-3.311381215178261562e-04
-7.244203959765948631e-04
2.825602350727094043e-04
6.821402106844227323e-04
6.073148479095007157e-06
2.923797903324975266e-04
-1.015614679810541163e-03
-9.261515253613471482e-04
3.090919263106762203e-03
1.103600309255638396e-03
-1.335933351918320092e-03
-3.198410600754170423e-04
-7.657359671788845773e-03
3.716984857130687173e-03
-1.170616414637767454e-03
9.091158238801914232e-03
-7.685529979367639909e-03
-3.222732763110336060e-05
1.390010104048971162e-03
3.456689431333986526e-03
-1.716065238879672678e-03
2.848957826561479903e-03
-4.076796939732806914e-03
1.088672089909681860e-03
1.128039178625730478e-03
-1.741460632583346395e-03
-1.554691940088874557e-03
-8.543034417562416633e-04
6.596729247774009604e-04
2.590445132713213279e-04
-1.579989644533476029e-04
2.923014942988821723e-04
-2.277282324044337634e-04
-3.258797233036212632e-04
2.028546162164715462e-04
1.636458461960316711e-04
-7.904344879237665635e-05
-2.490576912896017990e-05
-1.052611076383727640e-04
1.435053861200633746e-04
4.575813239167045299e-04
-3.486116135173076766e-04
-7.482551176268940896e-04
2.641077618185203469e-04
5.172861994692497592e-04
2.182878525217946467e-04
5.618931767634948414e-04
-1.278166128540139754e-03
-8.302904694938912679e-04
2.223890724511630012e-03
-5.343841575937295684e-04
-2.868943185209723960e-04
-2.194218863282602905e-03
6.702945002038213432e-03
6.169333495232671646e-04
3.777607096571789294e-04
-2.657211884794799962e-03
-3.645412403802244464e-03
3.243821500277714685e-03
5.020748517322547438e-04
2.824783425036335970e-03
1.304915839837261782e-02
2.530124838485451125e-03
2.749813334060494802e-03
-2.570070429020644351e-03
-2.663894162955953403e-03
1.975472967320399814e-03
9.515763000535410257e-05
-1.821354141706547827e-03
1.312598805220471787e-03
7.458962720688713539e-04
-7.664120017586146909e-04
-3.971290792961228080e-04
2.035750558624540955e-04
-1.701963970837674055e-04
1.053656844527115811e-04
2.937292961844324007e-04
-1.496569843814268136e-04
-1.593051432557074203e-04
5.865089946106329111e-05
1.843025601528866519e-05
-1.180290712721597144e-04
1.492958796590173123e-04
5.008710512175822138e-04
-3.423917802158550801e-04
-7.552749760555057396e-04
2.033223711367005034e-04
3.775734096379786738e-04
3.782094223447722298e-04
5.516666436782305350e-04
-1.166988214567318003e-03
-7.962946997151756825e-04
1.826022986550338879e-03
-1.835442224969608543e-05
-7.203343493734002106e-04
-2.192777333413122986e-03
3.178827220795671631e-04
5.237653032534057146e-04
1.697424000876484327e-03
2.458795285874932832e-05
5.480132770082507716e-03
1.954950939295526345e-03
6.089659198087985989e-03
-3.003417817321812205e-03
4.229367616908733018e-04
6.826581490844952325e-03
8.596236543949311096e-03
-2.464735405147184914e-03
-2.145654802589387622e-03
-1.081223775791696155e-03
1.033262647610036847e-03
1.756546008142141147e-03
1.684485947651350075e-04
9.520153261880378009e-04
-7.619313216867635782e-04
-8.257220103566448831e-04
5.532239648054207079e-04
4.317018460896937960e-04
-2.829346616307791204e-04
7.227215794343390051e-05
-4.977493835661359056e-05
-2.180351285752486420e-04
1.287139381556433120e-04
1.247510375612957472e-04
-6.661311312911293719e-05
-1.539966551650337641e-05
-1.038817530151970214e-04
1.773994988916584130e-04
4.918027720248289991e-04
-3.333587398505789834e-04
-7.647684478789716286e-04
4.609134627538060552e-05
2.584612491700038345e-04
6.127226739706489360e-04
7.337408243969032601e-04
-1.330269240889121176e-03
-7.204857881150882569e-04
1.464677030096078574e-03
3.943206296330237573e-05
-1.098774718570577451e-04
-2.176899153777482870e-04
-1.793245604042766929e-03
-7.828551817187822184e-04
-4.072446180290019424e-03
2.461222730339484091e-04
-2.034690373925110082e-03
-6.740306599914603833e-03
1.120720637859403887e-02
-3.316628301595489752e-03
-1.016344452114873592e-02
1.973262430064872753e-05
2.982659805344668041e-04
4.317922601456716976e-03
1.061727509769019688e-03
1.258350152630411604e-04
3.003281604323294537e-03
1.457296414644381616e-03
-1.466251853407000462e-03
1.637203700285731582e-03
1.432763938371568041e-04
-6.349300083497635017e-04
4.380077940018558234e-04
7.087726595133533088e-04
-4.712271968347098335e-04
-4.254487151158747025e-04
2.483806743107455639e-04
7.255398121572449732e-06
4.008621658051561565e-05
1.450048244564200277e-04
-1.005976675877229623e-04
-1.072858909407039575e-04
2.247168060033003650e-05
1.428776716771063167e-05
1.344200395412453224e-18
2.873112593810622606e-18
-5.562095188944791612e-19
-1.042311078475630031e-18
-1.123335731563877586e-18
-1.209497463160431137e-18
-2.543880410179926287e-19
-2.044137558703518326e-18
-1.290290684099512034e-18
-3.673808385860998430e-18
1.474347126482506179e-18
-3.202007728585630456e-18
9.195321612178717219e-19
-4.242839634429574469e-18
-4.663398319418278094e-19
2.914497360603413767e-18
-3.042539769622709363e-18
1.033406835080187257e-18
4.058727689575691879e-18
3.371505548675366913e-18
4.936637463502892402e-18
2.735463127380937730e-18
1.236590942984871224e-18
-7.647851862961267829e-19
2.943075585241360995e-18
-2.867142283837183697e-19
-8.917909028666895968e-20
-1.972164575188116853e-18
-1.172487161346410728e-18
-4.393620713895071801e-18
2.427983387218762407e-18
1.166254206647232116e-18
-1.629967844914013806e-18
7.214721887123277304e-18
-4.567381466905400539e-18
-2.480715558389866772e-18
5.852965773792156357e-19
3.263836435167774088e-18
-5.437817143426240741e-19
-2.644210246257264997e-18
2.198635274445864341e-19
-2.644305508225603143e-19
-1.907788721439485324e-19
-2.108120608497306926e-18
-3.184743513293719151e-18
1.004480347757191382e-18
-2.486831006510102753e-18
-1.824836246447122758e-18
2.510798411466851389e-18
