0.000000000000000000e+00 0.000000000000000000e+00 0.000000000000000000e+00
1.308996938995747039e-01 0.000000000000000000e+00 6.052806000116106588e-02
1.308996938995747039e-01 8.975979010256551760e-01 1.161758300004294142e-01
1.308996938995747039e-01 1.795195802051310352e+00 1.946103000045695808e-02
1.308996938995747039e-01 2.692793703076965528e+00 2.545386000019789208e-02
1.308996938995747039e-01 3.590391604102620704e+00 8.939919000113150105e-02
1.308996938995747039e-01 4.487989505128275880e+00 5.335268999988329597e-02
1.308996938995747039e-01 5.385587406153931056e+00 1.894990000437246636e-03
2.617993877991494078e-01 0.000000000000000000e+00 2.754477000053157099e-02
2.617993877991494078e-01 4.833219467061219965e-01 6.676832999983162154e-02
2.617993877991494078e-01 9.666438934122439930e-01 9.267161000025225803e-02
2.617993877991494078e-01 1.449965840118365934e+00 9.592608000093605369e-02
2.617993877991494078e-01 1.933287786824487986e+00 4.041141000016068574e-02
2.617993877991494078e-01 2.416609733530609816e+00 1.603288000114844181e-02
2.617993877991494078e-01 2.899931680236731868e+00 3.138750999823969323e-02
2.617993877991494078e-01 3.383253626942853920e+00 6.948646000091684982e-02
2.617993877991494078e-01 3.866575573648975972e+00 7.529432000046654139e-02
2.617993877991494078e-01 4.349897520355098024e+00 8.447766000244882889e-02
2.617993877991494078e-01 4.833219467061219632e+00 3.675216000010550488e-02
2.617993877991494078e-01 5.316541413767341240e+00 3.425840001000324264e-03
2.617993877991494078e-01 5.799863360473462848e+00 8.774109999649226665e-03
3.926990816987241395e-01 0.000000000000000000e+00 3.504792000057932455e-02
3.926990816987241395e-01 3.306939635357676877e-01 6.061441000019840430e-02
3.926990816987241395e-01 6.613879270715353753e-01 6.835912999849824701e-02
3.926990816987241395e-01 9.920818906073030075e-01 8.155659000112791546e-02
3.926990816987241395e-01 1.322775854143070751e+00 8.426175000022340100e-02
3.926990816987241395e-01 1.653469817678838494e+00 5.737324999972770456e-02
3.926990816987241395e-01 1.984163781214606237e+00 3.283227999963855837e-02
3.926990816987241395e-01 2.314857744750373758e+00 2.638848999959009234e-02
3.926990816987241395e-01 2.645551708286141501e+00 3.753448000134085305e-02
3.926990816987241395e-01 2.976245671821909244e+00 6.415215000015450642e-02
3.926990816987241395e-01 3.306939635357676988e+00 7.595223000316764228e-02
3.926990816987241395e-01 3.637633598893444731e+00 6.536259000131394714e-02
3.926990816987241395e-01 3.968327562429212474e+00 7.250310000199533533e-02
3.926990816987241395e-01 4.299021525964979773e+00 6.461495000075956341e-02
3.926990816987241395e-01 4.629715489500747516e+00 2.977067000028910115e-02
3.926990816987241395e-01 4.960409453036515259e+00 6.067830001484253444e-03
3.926990816987241395e-01 5.291103416572283002e+00 1.483180001741857268e-03
3.926990816987241395e-01 5.621797380108050746e+00 1.555286999973759521e-02
3.926990816987241395e-01 5.952491343643818489e+00 4.502038000282482244e-02
5.235987755982988157e-01 0.000000000000000000e+00 6.165995999981532805e-02
5.235987755982988157e-01 2.513274122871834715e-01 6.384122000054048840e-02
5.235987755982988157e-01 5.026548245743669430e-01 6.828907999988587108e-02
5.235987755982988157e-01 7.539822368615504145e-01 7.673639000131515786e-02
5.235987755982988157e-01 1.005309649148733886e+00 7.269022000036784448e-02
5.235987755982988157e-01 1.256637061435917246e+00 5.428910000046016648e-02
5.235987755982988157e-01 1.507964473723100607e+00 3.798153000207094010e-02
5.235987755982988157e-01 1.759291886010283967e+00 3.158817999974417035e-02
5.235987755982988157e-01 2.010619298297467328e+00 3.544953000164241530e-02
5.235987755982988157e-01 2.261946710584650688e+00 5.054204000225581694e-02
5.235987755982988157e-01 2.513274122871834049e+00 7.119582000086666085e-02
5.235987755982988157e-01 2.764601535159017409e+00 7.627445000071020331e-02
5.235987755982988157e-01 3.015928947446200770e+00 6.267432000095141120e-02
5.235987755982988157e-01 3.267256359733384130e+00 5.809768999824882485e-02
5.235987755982988157e-01 3.518583772020567491e+00 6.522851000045193359e-02
5.235987755982988157e-01 3.769911184307750851e+00 5.726574999971489888e-02
5.235987755982988157e-01 4.021238596594934656e+00 3.208570000060717575e-02
5.235987755982988157e-01 4.272566008882118460e+00 1.085302000137744471e-02
5.235987755982988157e-01 4.523893421169302265e+00 1.626310000574449077e-03
5.235987755982988157e-01 4.775220833456486069e+00 2.964260000226204284e-03
5.235987755982988157e-01 5.026548245743669874e+00 1.634973000182071701e-02
5.235987755982988157e-01 5.277875658030853678e+00 4.042936000223562587e-02
5.235987755982988157e-01 5.529203070318037483e+00 5.988898000032349955e-02
5.235987755982988157e-01 5.780530482605221287e+00 6.380510000053618569e-02
5.235987755982988157e-01 6.031857894892405092e+00 6.685106000259111170e-02
6.544984694978734918e-01 0.000000000000000000e+00 7.320541000080993399e-02
6.544984694978734918e-01 2.094395102393195318e-01 7.562187000075937249e-02
6.544984694978734918e-01 4.188790204786390636e-01 6.545786000060616061e-02
6.544984694978734918e-01 6.283185307179586232e-01 4.889611999897169881e-02
6.544984694978734918e-01 8.377580409572781273e-01 3.663208000034501310e-02
6.544984694978734918e-01 1.047197551196597631e+00 3.207110000039392617e-02
6.544984694978734918e-01 1.256637061435917246e+00 3.533484000035969075e-02
6.544984694978734918e-01 1.466076571675236861e+00 4.778308999993896578e-02
6.544984694978734918e-01 1.675516081914556477e+00 6.663473000116937328e-02
6.544984694978734918e-01 1.884955592153876092e+00 7.800207000036607496e-02
6.544984694978734918e-01 2.094395102393195707e+00 7.094121000045561232e-02
6.544984694978734918e-01 2.303834612632515100e+00 5.775419000019610394e-02
6.544984694978734918e-01 2.513274122871834493e+00 5.661380000128701795e-02
6.544984694978734918e-01 2.722713633111153886e+00 6.326824000097985845e-02
6.544984694978734918e-01 2.932153143350473279e+00 5.874932000006083399e-02
6.544984694978734918e-01 3.141592653589792672e+00 3.877269000258820597e-02
6.544984694978734918e-01 3.351032163829112065e+00 1.779594000072393101e-02
6.544984694978734918e-01 3.560471674068431458e+00 5.524359999981243163e-03
6.544984694978734918e-01 3.769911184307750851e+00 1.810140000088722445e-03
6.544984694978734918e-01 3.979350694547070244e+00 5.737620000218157656e-03
6.544984694978734918e-01 4.188790204786389637e+00 1.875719000054232311e-02
6.544984694978734918e-01 4.398229715025709474e+00 3.979077999974833801e-02
6.544984694978734918e-01 4.607669225265029311e+00 5.832512000051792711e-02
6.544984694978734918e-01 4.817108735504349148e+00 6.461801000114064664e-02
6.544984694978734918e-01 5.026548245743668986e+00 6.523936000121466350e-02
6.544984694978734918e-01 5.235987755982988823e+00 7.011131000035675243e-02
6.544984694978734918e-01 5.445427266222308660e+00 7.586115999947651289e-02
6.544984694978734918e-01 5.654866776461628497e+00 7.159787000091455411e-02
6.544984694978734918e-01 5.864306286700948334e+00 5.641754000316723250e-02
6.544984694978734918e-01 6.073745796940268171e+00 4.127352000068640336e-02
7.853981633974481680e-01 0.000000000000000000e+00 3.342877000068256166e-02
7.853981633974481680e-01 1.847995678582231294e-01 3.206850000242411625e-02
7.853981633974481680e-01 3.695991357164462587e-01 3.779143999963707756e-02
7.853981633974481680e-01 5.543987035746693603e-01 5.208243000015500002e-02
7.853981633974481680e-01 7.391982714328925175e-01 7.041062000098463614e-02
7.853981633974481680e-01 9.239978392911156746e-01 8.016309000231558457e-02
7.853981633974481680e-01 1.108797407149338721e+00 7.383855999978550244e-02
7.853981633974481680e-01 1.293596975007561767e+00 6.160582000120484736e-02
7.853981633974481680e-01 1.478396542865784813e+00 5.848165000134031288e-02
7.853981633974481680e-01 1.663196110724007859e+00 6.560352000087732449e-02
7.853981633974481680e-01 1.847995678582230905e+00 6.830549000005703419e-02
7.853981633974481680e-01 2.032795246440453951e+00 5.449528999997710343e-02
7.853981633974481680e-01 2.217594814298676997e+00 3.233367000211728737e-02
7.853981633974481680e-01 2.402394382156900043e+00 1.476490999993984587e-02
7.853981633974481680e-01 2.587193950015123090e+00 5.808490002891630866e-03
7.853981633974481680e-01 2.771993517873346136e+00 3.989130000263685361e-03
7.853981633974481680e-01 2.956793085731569182e+00 8.666390000144019723e-03
7.853981633974481680e-01 3.141592653589792228e+00 2.074214999993273523e-02
7.853981633974481680e-01 3.326392221448015274e+00 3.934868000033020508e-02
7.853981633974481680e-01 3.511191789306238320e+00 5.653567999979713932e-02
7.853981633974481680e-01 3.695991357164461366e+00 6.474730000263662077e-02
7.853981633974481680e-01 3.880790925022684412e+00 6.718393000119249336e-02
7.853981633974481680e-01 4.065590492880907902e+00 7.101733000126841944e-02
7.853981633974481680e-01 4.250390060739131393e+00 7.598942000004171859e-02
7.853981633974481680e-01 4.435189628597354883e+00 7.613373000094725285e-02
7.853981633974481680e-01 4.619989196455578373e+00 6.642183999974804465e-02
7.853981633974481680e-01 4.804788764313801863e+00 5.127827999967848882e-02
7.853981633974481680e-01 4.989588332172025353e+00 3.879872000288742129e-02
7.853981633974481680e-01 5.174387900030248844e+00 3.253298000163340475e-02
7.853981633974481680e-01 5.359187467888472334e+00 3.276093000022228807e-02
7.853981633974481680e-01 5.543987035746695824e+00 4.045763000067381654e-02
7.853981633974481680e-01 5.728786603604919314e+00 5.654420000064419582e-02
7.853981633974481680e-01 5.913586171463142804e+00 7.408569000108400360e-02
7.853981633974481680e-01 6.098385739321366295e+00 7.999637000102666207e-02
9.162978572970228441e-01 0.000000000000000000e+00 7.253556000250682700e-02
9.162978572970228441e-01 1.611073155687073322e-01 6.248747000063303858e-02
9.162978572970228441e-01 3.222146311374146643e-01 6.103767000240623020e-02
9.162978572970228441e-01 4.833219467061219965e-01 6.972543000119912904e-02
9.162978572970228441e-01 6.444292622748293287e-01 7.671123000000079628e-02
9.162978572970228441e-01 8.055365778435366053e-01 6.765914000243355986e-02
9.162978572970228441e-01 9.666438934122438820e-01 4.612988000008044764e-02
9.162978572970228441e-01 1.127751208980951159e+00 2.542719000120996498e-02
9.162978572970228441e-01 1.288858524549658435e+00 1.227597999968566000e-02
9.162978572970228441e-01 1.449965840118365712e+00 6.338610000966582447e-03
9.162978572970228441e-01 1.611073155687072989e+00 6.216200001290417276e-03
9.162978572970228441e-01 1.772180471255780265e+00 1.175580000199261121e-02
9.162978572970228441e-01 1.933287786824487542e+00 2.390965999984473456e-02
9.162978572970228441e-01 2.094395102393194819e+00 4.066621000310988165e-02
9.162978572970228441e-01 2.255502417961902317e+00 5.528027000036672689e-02
9.162978572970228441e-01 2.416609733530609816e+00 6.231697000112035312e-02
9.162978572970228441e-01 2.577717049099317315e+00 6.492584000079659745e-02
9.162978572970228441e-01 2.738824364668024813e+00 6.862544000068737660e-02
9.162978572970228441e-01 2.899931680236732312e+00 7.381268000062846113e-02
9.162978572970228441e-01 3.061038995805439811e+00 7.644916000026569236e-02
9.162978572970228441e-01 3.222146311374147309e+00 7.215919000009307638e-02
9.162978572970228441e-01 3.383253626942854808e+00 6.066984000062802806e-02
9.162978572970228441e-01 3.544360942511562307e+00 4.768723000051977579e-02
9.162978572970228441e-01 3.705468258080269806e+00 3.819947000010870397e-02
9.162978572970228441e-01 3.866575573648977304e+00 3.380033000030380208e-02
9.162978572970228441e-01 4.027682889217684803e+00 3.435180999986187089e-02
9.162978572970228441e-01 4.188790204786392302e+00 4.095122000035189558e-02
9.162978572970228441e-01 4.349897520355099800e+00 5.467562000194448046e-02
9.162978572970228441e-01 4.511004835923807299e+00 7.105422000131511595e-02
9.162978572970228441e-01 4.672112151492514798e+00 7.998827000119490549e-02
9.162978572970228441e-01 4.833219467061222296e+00 7.548520999989705160e-02
9.162978572970228441e-01 4.994326782629929795e+00 6.478169000001798850e-02
9.162978572970228441e-01 5.155434098198637294e+00 6.024534999960451387e-02
9.162978572970228441e-01 5.316541413767344793e+00 6.672057000105269253e-02
9.162978572970228441e-01 5.477648729336052291e+00 7.597368999995524064e-02
9.162978572970228441e-01 5.638756044904759790e+00 7.203004999973927625e-02
9.162978572970228441e-01 5.799863360473467289e+00 5.260102000102051534e-02
9.162978572970228441e-01 5.960970676042174787e+00 3.061098000034689903e-02
9.162978572970228441e-01 6.122077991610882286e+00 1.514151999981550034e-02
1.047197551196597631e+00 0.000000000000000000e+00 7.557020002423087135e-03
1.047197551196597631e+00 1.495996501709425386e-01 5.449370000860653818e-03
1.047197551196597631e+00 2.991993003418850772e-01 8.419710000453051180e-03
1.047197551196597631e+00 4.487989505128275880e-01 1.707588000317628030e-02
1.047197551196597631e+00 5.983986006837701543e-01 3.178543000103672966e-02
1.047197551196597631e+00 7.479982508547127207e-01 4.796947999966505449e-02
1.047197551196597631e+00 8.975979010256552870e-01 5.893801000092935283e-02
1.047197551196597631e+00 1.047197551196597853e+00 6.236099000125250313e-02
1.047197551196597631e+00 1.196797201367540309e+00 6.314962000033119693e-02
1.047197551196597631e+00 1.346396851538482764e+00 6.557944000087445602e-02
1.047197551196597631e+00 1.495996501709425219e+00 7.010788000116008334e-02
1.047197551196597631e+00 1.645596151880367675e+00 7.301111999913700856e-02
1.047197551196597631e+00 1.795195802051310130e+00 6.962983000084932428e-02
1.047197551196597631e+00 1.944795452222252585e+00 5.933974000072339550e-02
1.047197551196597631e+00 2.094395102393195263e+00 4.760474999966390897e-02
1.047197551196597631e+00 2.243994752564137940e+00 3.907107000122778118e-02
1.047197551196597631e+00 2.393594402735080617e+00 3.511837000041850843e-02
1.047197551196597631e+00 2.543194052906023295e+00 3.543760000138718169e-02
1.047197551196597631e+00 2.692793703076965972e+00 4.100027000094996765e-02
1.047197551196597631e+00 2.842393353247908649e+00 5.292055000063555781e-02
1.047197551196597631e+00 2.991993003418851327e+00 6.819428000017069280e-02
1.047197551196597631e+00 3.141592653589794004e+00 7.833266000125149731e-02
1.047197551196597631e+00 3.291192303760736682e+00 7.641415000034612603e-02
1.047197551196597631e+00 3.440791953931679359e+00 6.629102000260900240e-02
1.047197551196597631e+00 3.590391604102622036e+00 5.886640000062470790e-02
1.047197551196597631e+00 3.739991254273564714e+00 6.083315999967453536e-02
1.047197551196597631e+00 3.889590904444507391e+00 6.971017000068968628e-02
1.047197551196597631e+00 4.039190554615450068e+00 7.351079000000027008e-02
1.047197551196597631e+00 4.188790204786392302e+00 6.233727000108046923e-02
1.047197551196597631e+00 4.338389854957334535e+00 4.187297000316902995e-02
1.047197551196597631e+00 4.487989505128276768e+00 2.326420000099460594e-02
1.047197551196597631e+00 4.637589155299219001e+00 1.155737000044609886e-02
1.047197551196597631e+00 4.787188805470161235e+00 6.174559999635675922e-03
1.047197551196597631e+00 4.936788455641103468e+00 5.974530000457889400e-03
1.047197551196597631e+00 5.086388105812045701e+00 1.093492000109108631e-02
1.047197551196597631e+00 5.235987755982987935e+00 2.209870000115188304e-02
1.047197551196597631e+00 5.385587406153930168e+00 3.812671000014233869e-02
1.047197551196597631e+00 5.535187056324872401e+00 5.308381000031658914e-02
1.047197551196597631e+00 5.684786706495814634e+00 6.093653000061749481e-02
1.047197551196597631e+00 5.834386356666756868e+00 6.267340000158583280e-02
1.047197551196597631e+00 5.983986006837699101e+00 6.376106000061554369e-02
1.047197551196597631e+00 6.133585657008641334e+00 6.715616000110458117e-02
1.178097245096172418e+00 0.000000000000000000e+00 7.113571000081719831e-02
1.178097245096172418e+00 1.396263401595463638e-01 7.256294000035268255e-02
1.178097245096172418e+00 2.792526803190927276e-01 6.753405000017664861e-02
1.178097245096172418e+00 4.188790204786391191e-01 5.686943000000610482e-02
1.178097245096172418e+00 5.585053606381854552e-01 4.586474999996426050e-02
1.178097245096172418e+00 6.981317007977317912e-01 3.822768999998515937e-02
1.178097245096172418e+00 8.377580409572781273e-01 3.475374000299780164e-02
1.178097245096172418e+00 9.773843811168244633e-01 3.542861000096308999e-02
1.178097245096172418e+00 1.117010721276370910e+00 4.121816000042599626e-02
1.178097245096172418e+00 1.256637061435917246e+00 5.316443000083381776e-02
1.178097245096172418e+00 1.396263401595463582e+00 6.857894000131636858e-02
1.178097245096172418e+00 1.535889741755009918e+00 7.950250000249070581e-02
1.178097245096172418e+00 1.675516081914556255e+00 7.915830999991158023e-02
1.178097245096172418e+00 1.815142422074102591e+00 7.003244000043196138e-02
1.178097245096172418e+00 1.954768762233648927e+00 6.139441000050283037e-02
1.178097245096172418e+00 2.094395102393195263e+00 6.040623999979288783e-02
1.178097245096172418e+00 2.234021442552741821e+00 6.758638000064820517e-02
1.178097245096172418e+00 2.373647782712288379e+00 7.470900000043911859e-02
1.178097245096172418e+00 2.513274122871834937e+00 6.983674000002793036e-02
1.178097245096172418e+00 2.652900463031381495e+00 5.216717999974207487e-02
1.178097245096172418e+00 2.792526803190928053e+00 3.231667000000015832e-02
1.178097245096172418e+00 2.932153143350474611e+00 1.774321000084455591e-02
1.178097245096172418e+00 3.071779483510021169e+00 9.880170002361410297e-03
1.178097245096172418e+00 3.211405823669567727e+00 7.272140001077787019e-03
1.178097245096172418e+00 3.351032163829114285e+00 9.291700000176206231e-03
1.178097245096172418e+00 3.490658503988660843e+00 1.623045999986061361e-02
1.178097245096172418e+00 3.630284844148207402e+00 2.882390000013401732e-02
1.178097245096172418e+00 3.769911184307753960e+00 4.415521000191802159e-02
1.178097245096172418e+00 3.909537524467300518e+00 5.654037000022071879e-02
1.178097245096172418e+00 4.049163864626846632e+00 6.201839999994263053e-02
1.178097245096172418e+00 4.188790204786393190e+00 6.328882000161684118e-02
1.178097245096172418e+00 4.328416544945939748e+00 6.459162999999534804e-02
1.178097245096172418e+00 4.468042885105486306e+00 6.778111000130593311e-02
1.178097245096172418e+00 4.607669225265032864e+00 7.163234000108786859e-02
1.178097245096172418e+00 4.747295565424579422e+00 7.226292000086687040e-02
1.178097245096172418e+00 4.886921905584125980e+00 6.611182000051485375e-02
1.178097245096172418e+00 5.026548245743672538e+00 5.502361000071687158e-02
1.178097245096172418e+00 5.166174585903219096e+00 4.435806000037700869e-02
1.178097245096172418e+00 5.305800926062765654e+00 3.744127000027219765e-02
1.178097245096172418e+00 5.445427266222312213e+00 3.457361000255332328e-02
1.178097245096172418e+00 5.585053606381858771e+00 3.596508000009634998e-02
1.178097245096172418e+00 5.724679946541405329e+00 4.269500000009429641e-02
1.178097245096172418e+00 5.864306286700951887e+00 5.553642000268155243e-02
1.178097245096172418e+00 6.003932626860498445e+00 7.083978000082424842e-02
1.178097245096172418e+00 6.143558967020045003e+00 8.028682000076514669e-02
1.308996938995747206e+00 0.000000000000000000e+00 7.850936000068031717e-02
1.308996938995747206e+00 1.336847937697784316e-01 6.942310999875189736e-02
1.308996938995747206e+00 2.673695875395568633e-01 6.170885000028647482e-02
1.308996938995747206e+00 4.010543813093352949e-01 6.169557000066561159e-02
1.308996938995747206e+00 5.347391750791137266e-01 6.976845999997749459e-02
1.308996938995747206e+00 6.684239688488922138e-01 7.773491999978432432e-02
1.308996938995747206e+00 8.021087626186707009e-01 7.329897999989043456e-02
1.308996938995747206e+00 9.357935563884491881e-01 5.554893000044103246e-02
1.308996938995747206e+00 1.069478350158227675e+00 3.528544999971927609e-02
1.308996938995747206e+00 1.203163143928006162e+00 2.010463000078743789e-02
1.308996938995747206e+00 1.336847937697784650e+00 1.162651000049663708e-02
1.308996938995747206e+00 1.470532731467563137e+00 8.358630000657285564e-03
1.308996938995747206e+00 1.604217525237341624e+00 9.541780000290600583e-03
1.308996938995747206e+00 1.737902319007120111e+00 1.543339000090782065e-02
1.308996938995747206e+00 1.871587112776898598e+00 2.685684999960358255e-02
1.308996938995747206e+00 2.005271906546676863e+00 4.171343000234628562e-02
1.308996938995747206e+00 2.138956700316455350e+00 5.481527000301866792e-02
1.308996938995747206e+00 2.272641494086233838e+00 6.157198000073549338e-02
1.308996938995747206e+00 2.406326287856012325e+00 6.339354999909119215e-02
1.308996938995747206e+00 2.540011081625790812e+00 6.434215999979642220e-02
1.308996938995747206e+00 2.673695875395569299e+00 6.674277999991318211e-02
1.308996938995747206e+00 2.807380669165347786e+00 7.040100000085658394e-02
1.308996938995747206e+00 2.941065462935126273e+00 7.235089000096195377e-02
1.308996938995747206e+00 3.074750256704904761e+00 6.891356000051018782e-02
1.308996938995747206e+00 3.208435050474683248e+00 5.951532000108272769e-02
1.308996938995747206e+00 3.342119844244461735e+00 4.859116000079666264e-02
1.308996938995747206e+00 3.475804638014240222e+00 4.016838000097777694e-02
1.308996938995747206e+00 3.609489431784018709e+00 3.578177000053983647e-02
1.308996938995747206e+00 3.743174225553797196e+00 3.503340000133903231e-02
1.308996938995747206e+00 3.876859019323575684e+00 3.869676999966031872e-02
1.308996938995747206e+00 4.010543813093353727e+00 4.800000999966869131e-02
1.308996938995747206e+00 4.144228606863132214e+00 6.234173000120790675e-02
1.308996938995747206e+00 4.277913400632910701e+00 7.590019000053871423e-02
1.308996938995747206e+00 4.411598194402689188e+00 8.092003000092518050e-02
1.308996938995747206e+00 4.545282988172467675e+00 7.521495000037248246e-02
1.308996938995747206e+00 4.678967781942246162e+00 6.565763999969931319e-02
1.308996938995747206e+00 4.812652575712024650e+00 6.060489000083180144e-02
1.308996938995747206e+00 4.946337369481803137e+00 6.421657999999297317e-02
1.308996938995747206e+00 5.080022163251581624e+00 7.377360999998927582e-02
1.308996938995747206e+00 5.213706957021360111e+00 7.791641000039817300e-02
1.308996938995747206e+00 5.347391750791138598e+00 6.713714000034087803e-02
1.308996938995747206e+00 5.481076544560917085e+00 4.702194000128656626e-02
1.308996938995747206e+00 5.614761338330695573e+00 2.836999000101059210e-02
1.308996938995747206e+00 5.748446132100474060e+00 1.594121000016457401e-02
1.308996938995747206e+00 5.882130925870252547e+00 9.708310000860365108e-03
1.308996938995747206e+00 6.015815719640031034e+00 8.288780001748818904e-03
1.308996938995747206e+00 6.149500513409809521e+00 1.132970000071509276e-02
1.439896632895321993e+00 0.000000000000000000e+00 1.925904000017908402e-02
1.439896632895321993e+00 1.308996938995747039e-01 3.229812999779824167e-02
1.439896632895321993e+00 2.617993877991494078e-01 4.707032999976945575e-02
1.439896632895321993e+00 3.926990816987241395e-01 5.808323000019299798e-02
1.439896632895321993e+00 5.235987755982988157e-01 6.251295000038226135e-02
1.439896632895321993e+00 6.544984694978734918e-01 6.332809000014094636e-02
1.439896632895321993e+00 7.853981633974481680e-01 6.411317000129201915e-02
1.439896632895321993e+00 9.162978572970228441e-01 6.675965999784239102e-02
1.439896632895321993e+00 1.047197551196597631e+00 7.042904999980237335e-02
1.439896632895321993e+00 1.178097245096172418e+00 7.168303999969793949e-02
1.439896632895321993e+00 1.308996938995747206e+00 6.675818000076105818e-02
1.439896632895321993e+00 1.439896632895321993e+00 5.662346000281104352e-02
1.439896632895321993e+00 1.570796326794896780e+00 4.618776999996043742e-02
1.439896632895321993e+00 1.701696020694471567e+00 3.888082000048598275e-02
1.439896632895321993e+00 1.832595714594046354e+00 3.538535000006959308e-02
1.439896632895321993e+00 1.963495408493621142e+00 3.559330999996745959e-02
1.439896632895321993e+00 2.094395102393195707e+00 4.037166000125580467e-02
1.439896632895321993e+00 2.225294796292770272e+00 5.080749000262585469e-02
1.439896632895321993e+00 2.356194490192344837e+00 6.543643000077281613e-02
1.439896632895321993e+00 2.487094184091919402e+00 7.766448999973363243e-02
1.439896632895321993e+00 2.617993877991493967e+00 8.043345999976736493e-02
1.439896632895321993e+00 2.748893571891068532e+00 7.344008000109170098e-02
1.439896632895321993e+00 2.879793265790643098e+00 6.415491000007023104e-02
1.439896632895321993e+00 3.010692959690217663e+00 6.020929000078467652e-02
1.439896632895321993e+00 3.141592653589792228e+00 6.465792000017245300e-02
1.439896632895321993e+00 3.272492347489366793e+00 7.387120000021241140e-02
1.439896632895321993e+00 3.403392041388941358e+00 7.656973000121070072e-02
1.439896632895321993e+00 3.534291735288515923e+00 6.473449000077380333e-02
1.439896632895321993e+00 3.665191429188090488e+00 4.483605000132229179e-02
1.439896632895321993e+00 3.796091123087665054e+00 2.700111000194738153e-02
1.439896632895321993e+00 3.926990816987239619e+00 1.533023000047251116e-02
1.439896632895321993e+00 4.057890510886814184e+00 9.548100000756676309e-03
1.439896632895321993e+00 4.188790204786388749e+00 8.384340000702650286e-03
1.439896632895321993e+00 4.319689898685963314e+00 1.158007000049110502e-02
1.439896632895321993e+00 4.450589592585537879e+00 1.977254000121320132e-02
1.439896632895321993e+00 4.581489286485112444e+00 3.299082000012276694e-02
1.439896632895321993e+00 4.712388980384687009e+00 4.771003000132623129e-02
1.439896632895321993e+00 4.843288674284261575e+00 5.842785999993793666e-02
1.439896632895321993e+00 4.974188368183836140e+00 6.259477000094193500e-02
1.439896632895321993e+00 5.105088062083410705e+00 6.334630000128527172e-02
1.439896632895321993e+00 5.235987755982985270e+00 6.419190999986312818e-02
1.439896632895321993e+00 5.366887449882559835e+00 6.692500000099244062e-02
1.439896632895321993e+00 5.497787143782134400e+00 7.056908000049588736e-02
1.439896632895321993e+00 5.628686837681708965e+00 7.161324000298918691e-02
1.439896632895321993e+00 5.759586531581283531e+00 6.637054000020725653e-02
1.439896632895321993e+00 5.890486225480858096e+00 5.610689000059210230e-02
1.439896632895321993e+00 6.021385919380432661e+00 4.575748000206658617e-02
1.439896632895321993e+00 6.152285613280007226e+00 3.864573999999265652e-02
1.570796326794896780e+00 0.000000000000000000e+00 3.530945000238716602e-02
1.570796326794896780e+00 1.308996938995747039e-01 3.570395000133430585e-02
1.570796326794896780e+00 2.617993877991494078e-01 4.072790999998687766e-02
1.570796326794896780e+00 3.926990816987241395e-01 5.143412000143143814e-02
1.570796326794896780e+00 5.235987755982988157e-01 6.612666000000899658e-02
1.570796326794896780e+00 6.544984694978734918e-01 7.804483000109030399e-02
1.570796326794896780e+00 7.853981633974481680e-01 8.028386000114551280e-02
1.570796326794896780e+00 9.162978572970228441e-01 7.298909000019193627e-02
1.570796326794896780e+00 1.047197551196597631e+00 6.380919000184803735e-02
1.570796326794896780e+00 1.178097245096172418e+00 6.022822000159067102e-02
1.570796326794896780e+00 1.308996938995747206e+00 6.504864999988058116e-02
1.570796326794896780e+00 1.439896632895321993e+00 7.424127000012958888e-02
1.570796326794896780e+00 1.570796326794896780e+00 7.634915000198816415e-02
1.570796326794896780e+00 1.701696020694471567e+00 6.389604000105464365e-02
1.570796326794896780e+00 1.832595714594046354e+00 4.389618000095651951e-02
1.570796326794896780e+00 1.963495408493621142e+00 2.630434000093373470e-02
1.570796326794896780e+00 2.094395102393195707e+00 1.494982000076561235e-02
1.570796326794896780e+00 2.225294796292770272e+00 9.396340001330827363e-03
1.570796326794896780e+00 2.356194490192344837e+00 8.434240000497084111e-03
1.570796326794896780e+00 2.487094184091919402e+00 1.184124999963387381e-02
1.570796326794896780e+00 2.617993877991493967e+00 2.029831000072590541e-02
1.570796326794896780e+00 2.748893571891068532e+00 3.368742000020574778e-02
1.570796326794896780e+00 2.879793265790643098e+00 4.834077000123215839e-02
1.570796326794896780e+00 3.010692959690217663e+00 5.875591000040003564e-02
1.570796326794896780e+00 3.141592653589792228e+00 6.266939000124693848e-02
1.570796326794896780e+00 3.272492347489366793e+00 6.336279000061040279e-02
1.570796326794896780e+00 3.403392041388941358e+00 6.427595000059227459e-02
1.570796326794896780e+00 3.534291735288515923e+00 6.709417000092798844e-02
1.570796326794896780e+00 3.665191429188090488e+00 7.070182000097702257e-02
1.570796326794896780e+00 3.796091123087665054e+00 7.152817000132927205e-02
1.570796326794896780e+00 3.926990816987239619e+00 6.597149000117497053e-02
1.570796326794896780e+00 4.057890510886814184e+00 5.559162999998079613e-02
1.570796326794896780e+00 4.188790204786388749e+00 4.533237000032386277e-02
1.570796326794896780e+00 4.319689898685963314e+00 3.841702000136137940e-02
1.570796326794896780e+00 4.450589592585537879e+00 3.524290000132168643e-02
1.570796326794896780e+00 4.581489286485112444e+00 3.582538000227941666e-02
1.570796326794896780e+00 4.712388980384687009e+00 4.109625000091909897e-02
1.570796326794896780e+00 4.843288674284261575e+00 5.207099000108428299e-02
1.570796326794896780e+00 4.974188368183836140e+00 6.681048999962513335e-02
1.570796326794896780e+00 5.105088062083410705e+00 7.840319000206363853e-02
1.570796326794896780e+00 5.235987755982985270e+00 8.011253000040596817e-02
1.570796326794896780e+00 5.366887449882559835e+00 7.253425999988394324e-02
1.570796326794896780e+00 5.497787143782134400e+00 6.347507000282348599e-02
1.570796326794896780e+00 5.628686837681708965e+00 6.026571000074909534e-02
1.570796326794896780e+00 5.759586531581283531e+00 6.545072999870171770e-02
1.570796326794896780e+00 5.890486225480858096e+00 7.459569999991799705e-02
1.570796326794896780e+00 6.021385919380432661e+00 7.609166000111144967e-02
1.570796326794896780e+00 6.152285613280007226e+00 6.304090000048745424e-02
1.701696020694471567e+00 0.000000000000000000e+00 4.296475000046484638e-02
1.701696020694471567e+00 1.308996938995747039e-01 2.562008000131754670e-02
1.701696020694471567e+00 2.617993877991494078e-01 1.458013000046776142e-02
1.701696020694471567e+00 3.926990816987241395e-01 9.256130000721896067e-03
1.701696020694471567e+00 5.235987755982988157e-01 8.494730000165873207e-03
1.701696020694471567e+00 6.544984694978734918e-01 1.211316000080842059e-02
1.701696020694471567e+00 7.853981633974481680e-01 2.083564000167825725e-02
1.701696020694471567e+00 9.162978572970228441e-01 3.438747000109287910e-02
1.701696020694471567e+00 1.047197551196597631e+00 4.896198999995249324e-02
1.701696020694471567e+00 1.178097245096172418e+00 5.906764000246766955e-02
1.701696020694471567e+00 1.308996938995747206e+00 6.273830999998608604e-02
1.701696020694471567e+00 1.439896632895321993e+00 6.337719000111974310e-02
1.701696020694471567e+00 1.570796326794896780e+00 6.436432000009517651e-02
1.701696020694471567e+00 1.701696020694471567e+00 6.726655999955255538e-02
1.701696020694471567e+00 1.832595714594046354e+00 7.082882000031531788e-02
1.701696020694471567e+00 1.963495408493621142e+00 7.142639999983657617e-02
1.701696020694471567e+00 2.094395102393195707e+00 6.556110000019543804e-02
1.701696020694471567e+00 2.225294796292770272e+00 5.507691000093473122e-02
1.701696020694471567e+00 2.356194490192344837e+00 4.491509000035875943e-02
1.701696020694471567e+00 2.487094184091919402e+00 3.819606999968527816e-02
1.701696020694471567e+00 2.617993877991493967e+00 3.518344000076467637e-02
1.701696020694471567e+00 2.748893571891068532e+00 3.595799000140686985e-02
1.701696020694471567e+00 2.879793265790643098e+00 4.147689999990689103e-02
1.701696020694471567e+00 3.010692959690217663e+00 5.271720000018831342e-02
1.701696020694471567e+00 3.141592653589792228e+00 6.748702000004414003e-02
1.701696020694471567e+00 3.272492347489366793e+00 7.873911000206135213e-02
1.701696020694471567e+00 3.403392041388941358e+00 7.992009000008692965e-02
1.701696020694471567e+00 3.534291735288515923e+00 7.207567000114067923e-02
1.701696020694471567e+00 3.665191429188090488e+00 6.315336000079696532e-02
1.701696020694471567e+00 3.796091123087665054e+00 6.032181000045966357e-02
1.701696020694471567e+00 3.926990816987239619e+00 6.586314000014681369e-02
1.701696020694471567e+00 4.057890510886814184e+00 7.493233000059262849e-02
1.701696020694471567e+00 4.188790204786388749e+00 7.579709000128787011e-02
1.701696020694471567e+00 4.319689898685963314e+00 6.216968000080669299e-02
1.701696020694471567e+00 4.450589592585537879e+00 4.204193000077793840e-02
1.701696020694471567e+00 4.581489286485112444e+00 2.494815999853017274e-02
1.701696020694471567e+00 4.712388980384687009e+00 1.421975999983260408e-02
1.701696020694471567e+00 4.843288674284261575e+00 9.126470000410336070e-03
1.701696020694471567e+00 4.974188368183836140e+00 8.566180000343592837e-03
1.701696020694471567e+00 5.105088062083410705e+00 1.239560000249184668e-02
1.701696020694471567e+00 5.235987755982985270e+00 2.138356999967072625e-02
1.701696020694471567e+00 5.366887449882559835e+00 3.509029999986523762e-02
1.701696020694471567e+00 5.497787143782134400e+00 4.957310000281722751e-02
1.701696020694471567e+00 5.628686837681708965e+00 5.936461000055714976e-02
1.701696020694471567e+00 5.759586531581283531e+00 6.280145000164338853e-02
1.701696020694471567e+00 5.890486225480858096e+00 6.339180000031774398e-02
1.701696020694471567e+00 6.021385919380432661e+00 6.445677000192517880e-02
1.701696020694471567e+00 6.152285613280007226e+00 6.744133000029250979e-02
1.832595714594046354e+00 0.000000000000000000e+00 7.106254000063927379e-02
1.832595714594046354e+00 1.336847937697784316e-01 7.126471000083256513e-02
1.832595714594046354e+00 2.673695875395568633e-01 6.475556000077631325e-02
1.832595714594046354e+00 4.010543813093352949e-01 5.397799000093073118e-02
1.832595714594046354e+00 5.347391750791137266e-01 4.398433999995177146e-02
1.832595714594046354e+00 6.684239688488922138e-01 3.770554000038828235e-02
1.832595714594046354e+00 8.021087626186707009e-01 3.513557000042055734e-02
1.832595714594046354e+00 9.357935563884491881e-01 3.648269000041182153e-02
1.832595714594046354e+00 1.069478350158227675e+00 4.279664000023331027e-02
1.832595714594046354e+00 1.203163143928006162e+00 5.486333000044396613e-02
1.832595714594046354e+00 1.336847937697784650e+00 6.951330000083544292e-02
1.832595714594046354e+00 1.470532731467563137e+00 7.922203000089211855e-02
1.832595714594046354e+00 1.604217525237341624e+00 7.817630000135977753e-02
1.832595714594046354e+00 1.737902319007120111e+00 6.926795999970636331e-02
1.832595714594046354e+00 1.871587112776898598e+00 6.118118000085814856e-02
1.832595714594046354e+00 2.005271906546676863e+00 6.047573000068950932e-02
1.832595714594046354e+00 2.138956700316455350e+00 6.784220000008645002e-02
1.832595714594046354e+00 2.272641494086233838e+00 7.594401000096695498e-02
1.832595714594046354e+00 2.406326287856012325e+00 7.278127999961725436e-02
1.832595714594046354e+00 2.540011081625790812e+00 5.610180000076070428e-02
1.832595714594046354e+00 2.673695875395569299e+00 3.597203000026638620e-02
1.832595714594046354e+00 2.807380669165347786e+00 2.045521000036387704e-02
1.832595714594046354e+00 2.941065462935126273e+00 1.152024000111850910e-02
1.832595714594046354e+00 3.074750256704904761e+00 7.849490002627135254e-03
1.832595714594046354e+00 3.208435050474683248e+00 8.645300000353017822e-03
1.832595714594046354e+00 3.342119844244461735e+00 1.408629000070504844e-02
1.832595714594046354e+00 3.475804638014240222e+00 2.513112000269757118e-02
1.832595714594046354e+00 3.609489431784018709e+00 4.005767000307969283e-02
1.832595714594046354e+00 3.743174225553797196e+00 5.376858000090578571e-02
1.832595714594046354e+00 3.876859019323575684e+00 6.116462000136380084e-02
1.832595714594046354e+00 4.010543813093353727e+00 6.299130000297736842e-02
1.832595714594046354e+00 4.144228606863132214e+00 6.343793000087316614e-02
1.832595714594046354e+00 4.277913400632910701e+00 6.534181000097305514e-02
1.832595714594046354e+00 4.411598194402689188e+00 6.908025000120687764e-02
1.832595714594046354e+00 4.545282988172467675e+00 7.180431000051612500e-02
1.832595714594046354e+00 4.678967781942246162e+00 6.941413999993528705e-02
1.832595714594046354e+00 4.812652575712024650e+00 6.059140999968803953e-02
1.832595714594046354e+00 4.946337369481803137e+00 4.962255000100412872e-02
1.832595714594046354e+00 5.080022163251581624e+00 4.089893000127631240e-02
1.832595714594046354e+00 5.213706957021360111e+00 3.624004999983299058e-02
1.832595714594046354e+00 5.347391750791138598e+00 3.517571000156749506e-02
1.832595714594046354e+00 5.481076544560917085e+00 3.838171999996120576e-02
1.832595714594046354e+00 5.614761338330695573e+00 4.703451000023051165e-02
1.832595714594046354e+00 5.748446132100474060e+00 6.086479000077815726e-02
1.832595714594046354e+00 5.882130925870252547e+00 7.449670000096375588e-02
1.832595714594046354e+00 6.015815719640031034e+00 8.018443000037223101e-02
1.832595714594046354e+00 6.149500513409809521e+00 7.504673000039474573e-02
1.963495408493621142e+00 0.000000000000000000e+00 6.494754000232205726e-02
1.963495408493621142e+00 1.396263401595463638e-01 5.924702000083925668e-02
1.963495408493621142e+00 2.792526803190927276e-01 6.231509000099322293e-02
1.963495408493621142e+00 4.188790204786391191e-01 7.084737000150198583e-02
1.963495408493621142e+00 5.585053606381854552e-01 7.356344999971042853e-02
1.963495408493621142e+00 6.981317007977317912e-01 6.206619000113278162e-02
1.963495408493621142e+00 8.377580409572781273e-01 4.228219000287936069e-02
1.963495408493621142e+00 9.773843811168244633e-01 2.449171999978716485e-02
1.963495408493621142e+00 1.117010721276370910e+00 1.312968000092951115e-02
1.963495408493621142e+00 1.256637061435917246e+00 7.767480001348303631e-03
1.963495408493621142e+00 1.396263401595463582e+00 7.217640000817482360e-03
1.963495408493621142e+00 1.535889741755009918e+00 1.134722999995574355e-02
1.963495408493621142e+00 1.675516081914556255e+00 2.092195000113861170e-02
1.963495408493621142e+00 1.815142422074102591e+00 3.543429000092146453e-02
1.963495408493621142e+00 1.954768762233648927e+00 5.028065999977116007e-02
1.963495408493621142e+00 2.094395102393195263e+00 5.973817000085546169e-02
1.963495408493621142e+00 2.234021442552741821e+00 6.259216000216838438e-02
1.963495408493621142e+00 2.373647782712288379e+00 6.318502000067383051e-02
1.963495408493621142e+00 2.513274122871834937e+00 6.505948000085481908e-02
1.963495408493621142e+00 2.652900463031381495e+00 6.897675999971397687e-02
1.963495408493621142e+00 2.792526803190928053e+00 7.220062000124016777e-02
1.963495408493621142e+00 2.932153143350474611e+00 7.032921000063652173e-02
1.963495408493621142e+00 3.071779483510021169e+00 6.150960000013583340e-02
1.963495408493621142e+00 3.211405823669567727e+00 5.005365000033634715e-02
1.963495408493621142e+00 3.351032163829114285e+00 4.078590000062831677e-02
1.963495408493621142e+00 3.490658503988660843e+00 3.582939999978407286e-02
1.963495408493621142e+00 3.630284844148207402e+00 3.478001999974367209e-02
1.963495408493621142e+00 3.769911184307753960e+00 3.835817999970458914e-02
1.963495408493621142e+00 3.909537524467300518e+00 4.778076000184228178e-02
1.963495408493621142e+00 4.049163864626846632e+00 6.240675000117335003e-02
1.963495408493621142e+00 4.188790204786393190e+00 7.595657999991090037e-02
1.963495408493621142e+00 4.328416544945939748e+00 8.023746999970171601e-02
1.963495408493621142e+00 4.468042885105486306e+00 7.350055000097199809e-02
1.963495408493621142e+00 4.607669225265032864e+00 6.356710000000020955e-02
1.963495408493621142e+00 4.747295565424579422e+00 5.912913999964075629e-02
1.963495408493621142e+00 4.886921905584125980e+00 6.350988000122015364e-02
1.963495408493621142e+00 5.026548245743672538e+00 7.198647000041091815e-02
1.963495408493621142e+00 5.166174585903219096e+00 7.273096000062651001e-02
1.963495408493621142e+00 5.305800926062765654e+00 5.919683000138320494e-02
1.963495408493621142e+00 5.445427266222312213e+00 3.912158000093768351e-02
1.963495408493621142e+00 5.585053606381858771e+00 2.221633000044676010e-02
1.963495408493621142e+00 5.724679946541405329e+00 1.192124000226613134e-02
1.963495408493621142e+00 5.864306286700951887e+00 7.383500002106302418e-03
1.963495408493621142e+00 6.003932626860498445e+00 7.569470002636080608e-03
1.963495408493621142e+00 6.143558967020045003e+00 1.245335000021441374e-02
2.094395102393195707e+00 0.000000000000000000e+00 2.367295000112790149e-02
2.094395102393195707e+00 1.495996501709425386e-01 3.937272000075608958e-02
2.094395102393195707e+00 2.991993003418850772e-01 5.378208000001905020e-02
2.094395102393195707e+00 4.487989505128275880e-01 6.145853999987593852e-02
2.094395102393195707e+00 5.983986006837701543e-01 6.393741000101726968e-02
2.094395102393195707e+00 7.479982508547127207e-01 6.629215999964799266e-02
2.094395102393195707e+00 8.975979010256552870e-01 7.038040000043110922e-02
2.094395102393195707e+00 1.047197551196597853e+00 7.421519000126863830e-02
2.094395102393195707e+00 1.196797201367540309e+00 7.367653999972390011e-02
2.094395102393195707e+00 1.346396851538482764e+00 6.607847000123001635e-02
2.094395102393195707e+00 1.495996501709425219e+00 5.403515000034531113e-02
2.094395102393195707e+00 1.645596151880367675e+00 4.309828999976161867e-02
2.094395102393195707e+00 1.795195802051310130e+00 3.633629000069049653e-02
2.094395102393195707e+00 1.944795452222252585e+00 3.396640000028128270e-02
2.094395102393195707e+00 2.094395102393195263e+00 3.635107000263815280e-02
2.094395102393195707e+00 2.243994752564137940e+00 4.481083000064245425e-02
2.094395102393195707e+00 2.393594402735080617e+00 5.942298999980266672e-02
2.094395102393195707e+00 2.543194052906023295e+00 7.445791000100143719e-02
2.094395102393195707e+00 2.692793703076965972e+00 8.062176000021281652e-02
2.094395102393195707e+00 2.842393353247908649e+00 7.462707000013324432e-02
2.094395102393195707e+00 2.991993003418851327e+00 6.447544000002380926e-02
2.094395102393195707e+00 3.141592653589794004e+00 6.041159000051266048e-02
2.094395102393195707e+00 3.291192303760736682e+00 6.645619000119040720e-02
2.094395102393195707e+00 3.440791953931679359e+00 7.592409000062616542e-02
2.094395102393195707e+00 3.590391604102622036e+00 7.428939000237733126e-02
2.094395102393195707e+00 3.739991254273564714e+00 5.710401000033016317e-02
2.094395102393195707e+00 3.889590904444507391e+00 3.545930000291264150e-02
2.094395102393195707e+00 4.039190554615450068e+00 1.898152000103436876e-02
2.094395102393195707e+00 4.188790204786392302e+00 9.879999999611754902e-03
2.094395102393195707e+00 4.338389854957334535e+00 6.697959999655722640e-03
2.094395102393195707e+00 4.487989505128276768e+00 8.633729999928618781e-03
2.094395102393195707e+00 4.637589155299219001e+00 1.593884000067191664e-02
2.094395102393195707e+00 4.787188805470161235e+00 2.932626000074378680e-02
2.094395102393195707e+00 4.936788455641103468e+00 4.532386000028054696e-02
2.094395102393195707e+00 5.086388105812045701e+00 5.760144000123545993e-02
2.094395102393195707e+00 5.235987755982987935e+00 6.270813999981328379e-02
2.094395102393195707e+00 5.385587406153930168e+00 6.465132999801426195e-02
2.094395102393195707e+00 5.535187056324872401e+00 6.767206000040459912e-02
2.094395102393195707e+00 5.684786706495814634e+00 7.210682000004453585e-02
2.094395102393195707e+00 5.834386356666756868e+00 7.472594000137178227e-02
2.094395102393195707e+00 5.983986006837699101e+00 7.161977000214392319e-02
2.094395102393195707e+00 6.133585657008641334e+00 6.170132000261219218e-02
2.225294796292770272e+00 0.000000000000000000e+00 4.899810999995679595e-02
2.225294796292770272e+00 1.611073155687073322e-01 3.938030000244907569e-02
2.225294796292770272e+00 3.222146311374146643e-01 3.482326000084867701e-02
2.225294796292770272e+00 4.833219467061219965e-01 3.499650000048859511e-02
2.225294796292770272e+00 6.444292622748293287e-01 4.086951000135741197e-02
2.225294796292770272e+00 8.055365778435366053e-01 5.360590000054799020e-02
2.225294796292770272e+00 9.666438934122438820e-01 6.940558000133023597e-02
2.225294796292770272e+00 1.127751208980951159e+00 7.855833000030543189e-02
2.225294796292770272e+00 1.288858524549658435e+00 7.441844000095443334e-02
2.225294796292770272e+00 1.449965840118365712e+00 6.342629000209853984e-02
2.225294796292770272e+00 1.611073155687072989e+00 5.813431000024138484e-02
2.225294796292770272e+00 1.772180471255780265e+00 6.355430999974487349e-02
2.225294796292770272e+00 1.933287786824487542e+00 7.222327000272343867e-02
2.225294796292770272e+00 2.094395102393194819e+00 6.937914000263845082e-02
2.225294796292770272e+00 2.255502417961902317e+00 5.154473000038706232e-02
2.225294796292770272e+00 2.416609733530609816e+00 3.019669000059366226e-02
2.225294796292770272e+00 2.577717049099317315e+00 1.468270999976084568e-02
2.225294796292770272e+00 2.738824364668024813e+00 6.598210000447579660e-03
2.225294796292770272e+00 2.899931680236732312e+00 4.484549999688169919e-03
2.225294796292770272e+00 3.061038995805439811e+00 7.952949999889824539e-03
2.225294796292770272e+00 3.222146311374147309e+00 1.776745000097434968e-02
2.225294796292770272e+00 3.383253626942854808e+00 3.387858000132837333e-02
2.225294796292770272e+00 3.544360942511562307e+00 5.044726000051014125e-02
2.225294796292770272e+00 3.705468258080269806e+00 6.023332000040682033e-02
2.225294796292770272e+00 3.866575573648977304e+00 6.273574000078951940e-02
2.225294796292770272e+00 4.027682889217684803e+00 6.429091999962111004e-02
2.225294796292770272e+00 4.188790204786392302e+00 6.844887000079324935e-02
2.225294796292770272e+00 4.349897520355099800e+00 7.328403000065009110e-02
2.225294796292770272e+00 4.511004835923807299e+00 7.331976000023132656e-02
2.225294796292770272e+00 4.672112151492514798e+00 6.514672000048449263e-02
2.225294796292770272e+00 4.833219467061222296e+00 5.243571000028168783e-02
2.225294796292770272e+00 4.994326782629929795e+00 4.160213999784900807e-02
2.225294796292770272e+00 5.155434098198637294e+00 3.563859000132652000e-02
2.225294796292770272e+00 5.316541413767344793e+00 3.441903000020829495e-02
2.225294796292770272e+00 5.477648729336052291e+00 3.852392000044346787e-02
2.225294796292770272e+00 5.638756044904759790e+00 4.940610000267042778e-02
2.225294796292770272e+00 5.799863360473467289e+00 6.516962000023340806e-02
2.225294796292770272e+00 5.960970676042174787e+00 7.725736000065808184e-02
2.225294796292770272e+00 6.122077991610882286e+00 7.678128000043216161e-02
2.356194490192344837e+00 0.000000000000000000e+00 6.473050000022340100e-02
2.356194490192344837e+00 1.847995678582231294e-01 5.662303999997675419e-02
2.356194490192344837e+00 3.695991357164462587e-01 6.036090000088734087e-02
2.356194490192344837e+00 5.543987035746693603e-01 6.660723000095458701e-02
2.356194490192344837e+00 7.391982714328925175e-01 5.983256000035908073e-02
2.356194490192344837e+00 9.239978392911156746e-01 3.994700999828637578e-02
2.356194490192344837e+00 1.108797407149338721e+00 1.994727000055718236e-02
2.356194490192344837e+00 1.293596975007561767e+00 7.771890001095016487e-03
2.356194490192344837e+00 1.478396542865784813e+00 3.190569999787840061e-03
2.356194490192344837e+00 1.663196110724007859e+00 5.134260001796064898e-03
2.356194490192344837e+00 1.847995678582230905e+00 1.393374000144831371e-02
2.356194490192344837e+00 2.032795246440453951e+00 3.055973000118683558e-02
2.356194490192344837e+00 2.217594814298676997e+00 4.963067999960912857e-02
2.356194490192344837e+00 2.402394382156900043e+00 6.159738000314973760e-02
2.356194490192344837e+00 2.587193950015123090e+00 6.437537000056181569e-02
2.356194490192344837e+00 2.771993517873346136e+00 6.619167000098968856e-02
2.356194490192344837e+00 2.956793085731569182e+00 7.121326000014960300e-02
2.356194490192344837e+00 3.141592653589792228e+00 7.552266000311647076e-02
2.356194490192344837e+00 3.326392221448015274e+00 7.138583000050857663e-02
2.356194490192344837e+00 3.511191789306238320e+00 5.813366999973368365e-02
2.356194490192344837e+00 3.695991357164461366e+00 4.399012999965634663e-02
2.356194490192344837e+00 3.880790925022684412e+00 3.513571999974374194e-02
2.356194490192344837e+00 4.065590492880907902e+00 3.264189000037731603e-02
2.356194490192344837e+00 4.250390060739131393e+00 3.681526000036683399e-02
2.356194490192344837e+00 4.435189628597354883e+00 4.911970000102883205e-02
2.356194490192344837e+00 4.619989196455578373e+00 6.685104999996838160e-02
2.356194490192344837e+00 4.804788764313801863e+00 7.854951999979675747e-02
2.356194490192344837e+00 4.989588332172025353e+00 7.443222000074456446e-02
2.356194490192344837e+00 5.174387900030248844e+00 6.181113999991794117e-02
2.356194490192344837e+00 5.359187467888472334e+00 5.650797999987844378e-02
2.356194490192344837e+00 5.543987035746695824e+00 6.225625000115542207e-02
2.356194490192344837e+00 5.728786603604919314e+00 6.656074000056833029e-02
2.356194490192344837e+00 5.913586171463142804e+00 5.577941000046848785e-02
2.356194490192344837e+00 6.098385739321366295e+00 3.466878000108408742e-02
2.487094184091919402e+00 0.000000000000000000e+00 1.477727000019513071e-02
2.487094184091919402e+00 2.094395102393195318e-01 4.993450000256416388e-03
2.487094184091919402e+00 4.188790204786390636e-01 3.779779999604215845e-03
2.487094184091919402e+00 6.283185307179586232e-01 1.043175999984669033e-02
2.487094184091919402e+00 8.377580409572781273e-01 2.629348000118625350e-02
2.487094184091919402e+00 1.047197551196597631e+00 4.819895000036922283e-02
2.487094184091919402e+00 1.256637061435917246e+00 6.460011000126542058e-02
2.487094184091919402e+00 1.466076571675236861e+00 7.069396000042615924e-02
2.487094184091919402e+00 1.675516081914556477e+00 7.455391999974381179e-02
2.487094184091919402e+00 1.884955592153876092e+00 7.951579000109632034e-02
2.487094184091919402e+00 2.094395102393195707e+00 7.923319000110495836e-02
2.487094184091919402e+00 2.303834612632515100e+00 6.712402999983169138e-02
2.487094184091919402e+00 2.513274122871834493e+00 4.916016999959538225e-02
2.487094184091919402e+00 2.722713633111153886e+00 3.541637000125774648e-02
2.487094184091919402e+00 2.932153143350473279e+00 2.958442000090144575e-02
2.487094184091919402e+00 3.141592653589792672e+00 3.222649000053934287e-02
2.487094184091919402e+00 3.351032163829112065e+00 4.471611000008124392e-02
2.487094184091919402e+00 3.560471674068431458e+00 6.521294000049238093e-02
2.487094184091919402e+00 3.769911184307750851e+00 7.975565999913669657e-02
2.487094184091919402e+00 3.979350694547070244e+00 7.569822000004933216e-02
2.487094184091919402e+00 4.188790204786389637e+00 6.253210999966540840e-02
2.487094184091919402e+00 4.398229715025709474e+00 5.980622999959450681e-02
2.487094184091919402e+00 4.607669225265029311e+00 6.764629000099375844e-02
2.487094184091919402e+00 4.817108735504349148e+00 6.587078000120527577e-02
2.487094184091919402e+00 5.026548245743668986e+00 4.580003000228316523e-02
2.487094184091919402e+00 5.235987755982988823e+00 2.257067000027745962e-02
2.487094184091919402e+00 5.445427266222308660e+00 8.221510001021670178e-03
2.487094184091919402e+00 5.654866776461628497e+00 3.321090001918491907e-03
2.487094184091919402e+00 5.864306286700948334e+00 6.367199999658623710e-03
2.487094184091919402e+00 6.073745796940268171e+00 1.790641000116011128e-02
2.617993877991493967e+00 0.000000000000000000e+00 4.228979999970761128e-02
2.617993877991493967e+00 2.513274122871834715e-01 6.524385000193433370e-02
2.617993877991493967e+00 5.026548245743669430e-01 7.715388000178791117e-02
2.617993877991493967e+00 7.539822368615504145e-01 8.620134000011603348e-02
2.617993877991493967e+00 1.005309649148733886e+00 9.071497000149975065e-02
2.617993877991493967e+00 1.256637061435917246e+00 7.919899999978952110e-02
2.617993877991493967e+00 1.507964473723100607e+00 5.446617000052356161e-02
2.617993877991493967e+00 1.759291886010283967e+00 3.378669000085210428e-02
2.617993877991493967e+00 2.010619298297467328e+00 2.484995000122580677e-02
2.617993877991493967e+00 2.261946710584650688e+00 2.797186000134388451e-02
2.617993877991493967e+00 2.513274122871834049e+00 4.441650999979174230e-02
2.617993877991493967e+00 2.764601535159017409e+00 6.860826000047381967e-02
2.617993877991493967e+00 3.015928947446200770e+00 7.897652999963611364e-02
2.617993877991493967e+00 3.267256359733384130e+00 6.877566000002843793e-02
2.617993877991493967e+00 3.518583772020567491e+00 6.463681000059295911e-02
2.617993877991493967e+00 3.769911184307750851e+00 7.554428000003099442e-02
2.617993877991493967e+00 4.021238596594934656e+00 7.011211999997613020e-02
2.617993877991493967e+00 4.272566008882118460e+00 4.178603000036673620e-02
2.617993877991493967e+00 4.523893421169302265e+00 1.613562000056845136e-02
2.617993877991493967e+00 4.775220833456486069e+00 4.273120001016650349e-03
2.617993877991493967e+00 5.026548245743669874e+00 3.889630001140176319e-03
2.617993877991493967e+00 5.277875658030853678e+00 1.454980000016803388e-02
2.617993877991493967e+00 5.529203070318037483e+00 3.733744000237493310e-02
2.617993877991493967e+00 5.780530482605221287e+00 6.186049999996612314e-02
2.617993877991493967e+00 6.031857894892405092e+00 7.548131000294233672e-02
2.748893571891068532e+00 0.000000000000000000e+00 9.214661999976669904e-02
2.748893571891068532e+00 3.306939635357676877e-01 9.683328000028268434e-02
2.748893571891068532e+00 6.613879270715353753e-01 6.737489000079222023e-02
2.748893571891068532e+00 9.920818906073030075e-01 3.366587000164145138e-02
2.748893571891068532e+00 1.322775854143070751e+00 2.035575999980210327e-02
2.748893571891068532e+00 1.653469817678838494e+00 2.671105000081297476e-02
2.748893571891068532e+00 1.984163781214606237e+00 5.222131000118679367e-02
2.748893571891068532e+00 2.314857744750373758e+00 7.497619000059785321e-02
2.748893571891068532e+00 2.645551708286141501e+00 6.936644000052183401e-02
2.748893571891068532e+00 2.976245671821909244e+00 7.645029000013892073e-02
2.748893571891068532e+00 3.306939635357676988e+00 7.943417000024055596e-02
2.748893571891068532e+00 3.637633598893444731e+00 4.426056000011158176e-02
2.748893571891068532e+00 3.968327562429212474e+00 1.230593000036606099e-02
2.748893571891068532e+00 4.299021525964979773e+00 1.352150002276175655e-03
2.748893571891068532e+00 4.629715489500747516e+00 7.990420001078746282e-03
2.748893571891068532e+00 4.960409453036515259e+00 3.360160000192990992e-02
2.748893571891068532e+00 5.291103416572283002e+00 6.366058000094199087e-02
2.748893571891068532e+00 5.621797380108050746e+00 8.038355999997293111e-02
2.748893571891068532e+00 5.952491343643818489e+00 9.658424000008380972e-02
2.879793265790643098e+00 0.000000000000000000e+00 8.116356000027735718e-02
2.879793265790643098e+00 4.833219467061219965e-01 2.985604000059538521e-02
2.879793265790643098e+00 9.666438934122439930e-01 1.810911000029591378e-02
2.879793265790643098e+00 1.449965840118365934e+00 4.376770999988366384e-02
2.879793265790643098e+00 1.933287786824487986e+00 7.364847999997437000e-02
2.879793265790643098e+00 2.416609733530609816e+00 7.839875000172469299e-02
2.879793265790643098e+00 2.899931680236731868e+00 7.366911999997682869e-02
2.879793265790643098e+00 3.383253626942853920e+00 2.243177000127616338e-02
2.879793265790643098e+00 3.866575573648975972e+00 1.514420000603422523e-03
2.879793265790643098e+00 4.349897520355098024e+00 1.848425000025599729e-02
2.879793265790643098e+00 4.833219467061219632e+00 5.856545000096957665e-02
2.879793265790643098e+00 5.316541413767341240e+00 8.072379000077489763e-02
2.879793265790643098e+00 5.799863360473462848e+00 1.004931200004648417e-01
3.010692959690217663e+00 0.000000000000000000e+00 2.299983000193606131e-02
3.010692959690217663e+00 8.975979010256551760e-01 3.949065000051632524e-02
3.010692959690217663e+00 1.795195802051310352e+00 7.831695000095351133e-02
3.010692959690217663e+00 2.692793703076965528e+00 4.066915000112203415e-02
3.010692959690217663e+00 3.590391604102620704e+00 1.352573000076517928e-02
3.010692959690217663e+00 4.487989505128275880e+00 6.531799000003957190e-02
3.010692959690217663e+00 5.385587406153931056e+00 9.943093000219960231e-02
3.141592653589792228e+00 0.000000000000000000e+00 8.531552000022202265e-02
