2.142342093135676806e-02
-2.363790000520499116e-04
3.187254388696734672e-06
3.872405056767776177e-05
1.323922207145965854e-04
-2.280888041974563920e-04
7.302730819598213415e-04
-3.566607984414131008e-04
7.941630315092424461e-05
2.080206394725501456e-05
2.106916940574736903e-05
-9.408319890790747646e-04
6.775750498400427409e-05
9.321669959434200799e-05
1.050504625519731291e-04
4.114204669515080469e-05
-1.010705722402957963e-03
-1.295251983851825398e-04
7.139629132775920668e-04
-3.361945005954907872e-04
-2.037593529970348400e-04
-2.741353536491487062e-04
3.153348929975253317e-04
1.405979135765295129e-04
2.158080115071809007e-03
6.933063948036784436e-05
-1.209228006842858871e-03
-2.065311048185737206e-04
-1.481611466466879637e-04
-1.835685566973075354e-03
1.942294562324956573e-04
-1.799787583083432732e-05
2.637340491081159631e-04
9.162884449071208488e-05
-5.697566504308225217e-04
-1.610420586745751209e-04
3.272856576613951993e-06
6.629944973432699493e-04
-1.202116827297423094e-03
-3.498211201490871824e-04
1.277902447880390358e-03
5.017582835446409621e-05
-3.620228895658858352e-04
6.907174322015154425e-04
6.179353806659338994e-04
3.023776627303154726e-05
2.727420259786940589e-03
1.868210743207715887e-04
-3.230626322475946559e-06
3.331137037427068571e-04
-1.533484463406709216e-04
2.149359017587733128e-04
-6.261034298498064981e-04
1.297203562543261404e-04
-5.006504394019262611e-05
-1.493939501198617015e-03
3.646678622442025750e-06
-1.079666668372209154e-04
1.168146989384374456e-03
5.452827479700894176e-04
-1.866633743250964710e-04
-1.175797459565539396e-03
-5.041341487169593015e-05
-3.410323295953558199e-05
-3.849531281004535291e-05
-8.197904289201284013e-05
-4.346742733087695837e-05
1.602984388092069772e-03
1.230221010772530529e-03
-3.246798390807273979e-04
1.473861383737402019e-03
-3.281669692521086562e-04
2.409999840091607082e-04
1.735853116642830252e-03
7.749214118088791278e-04
5.913819958480523312e-04
-2.147156755949824764e-03
-2.017092075760855684e-05
1.556318186456424738e-04
-2.374262395666936311e-05
-3.837228786293049831e-05
-1.831339341457528943e-05
8.381749769670259029e-05
1.559553145024674108e-05
1.687787151991692453e-05
-1.051657015948569726e-05
2.451725038331307397e-03
-8.379314253969176538e-04
-4.737082933089448796e-04
9.489932244305348923e-04
1.381185571831689961e-04
1.050365140928959410e-04
2.369384589331824647e-03
-4.125537616112437628e-04
1.296861856801197980e-03
-1.831516389179236193e-03
1.018623325021258844e-04
6.857801345188263998e-06
-2.689756935414545371e-04
5.395471219380218843e-07
1.814265798762114412e-04
-8.306727188021108960e-05
3.937586029001188467e-05
1.075554252986198988e-04
-1.375256958225254888e-04
-3.356187531038635433e-04
-6.687767138042791885e-04
8.527660095270678557e-04
8.285535913522421242e-04
-7.418187704526601578e-05
6.151433846281100849e-06
4.975254208841413048e-04
2.241358664358086329e-04
3.598070772287241407e-04
8.482570900720787493e-04
4.066256277887123766e-04
5.149155172945795800e-04
1.065250799636223943e-04
-2.654384710685668601e-05
-3.743054258335931070e-05
4.483196668030698740e-05
-2.317583997373135211e-05
-1.285003039646769214e-05
-7.787468771350797390e-05
1.964365874616767445e-04
6.399377080709008037e-05
1.233110071502869533e-04
1.146342081948858381e-04
-2.742427685163155351e-03
4.583173736531530925e-04
-1.084384317605777376e-05
1.441575398880589210e-03
2.195463785402593476e-04
2.034549415338071849e-04
3.130337885117641470e-03
1.897226846731330571e-03
-1.001171746956631449e-03
1.376854372109332335e-03
-2.297589437734500611e-04
-1.509412101226646600e-04
-1.502255107692166683e-04
-2.541721940127594629e-06
-2.171471979730539928e-04
-1.675788909293817361e-05
6.007848876735797351e-06
-5.724965984428123157e-05
-1.972117443939836346e-04
5.965457789528492462e-05
3.998572219185403918e-05
-4.510007899000688278e-05
-1.076804001546892496e-04
2.699396115928559678e-04
5.439878681181263293e-04
5.099499557959006430e-04
-1.177381318232433808e-03
1.755990869125231553e-04
-5.996691748197366433e-04
-1.508060455705654288e-03
-1.312187357794499843e-04
4.490572452161764594e-04
-1.071271504062552490e-03
-1.437691510211813717e-04
-4.118646508474044124e-04
2.182608549009218510e-04
2.187348198847632137e-04
-1.291007278111716485e-04
-7.281718409888779072e-05
6.945065478536902644e-05
6.193233440256969912e-07
7.356628141896300955e-06
-5.090657953566737025e-05
-8.993243119409119414e-05
3.162688332807660994e-05
-2.700936184883201332e-04
-1.625277590797847443e-04
1.386798658224597128e-04
1.273126242944878266e-04
-3.537870935755089334e-04
6.214470519113079496e-04
1.509924455435412093e-04
-8.061251433034499281e-04
-1.287950112201951235e-03
3.563873994957666557e-04
-5.393626592511540372e-04
1.219193480449402628e-03
-2.614468839449687930e-04
9.752668106174162055e-04
1.487261340231012989e-03
2.901825627736831720e-05
2.739423765278220513e-04
1.832176681903976566e-04
-7.684935006923916299e-05
2.359307832588797651e-04
8.177323305365809584e-06
-4.313420815317392098e-05
3.180440256119273666e-06
2.005624407874306934e-05
-4.957114386071266631e-05
-2.732225469667677435e-05
4.362123078881664090e-05
1.550932356775134484e-04
-2.882905486020993964e-05
-5.499221854537409034e-05
2.301219057576936618e-04
-1.136087868120484712e-04
-3.979139758073785412e-04
-1.260125315489011178e-03
3.257425237465489103e-04
-1.352020990851591099e-03
3.618174713909268984e-04
-2.630932245936494474e-04
-1.533354482056441162e-04
-2.320754388525290133e-04
1.007967574108613318e-03
2.428553035669406626e-03
8.154920526202768605e-05
6.813372400748348616e-04
2.308582129716840888e-04
-1.677079995308663985e-04
1.577892932492068489e-05
1.457481869107056505e-04
-5.193352351165212506e-05
-2.621461307069107289e-05
4.624717405866513823e-05
-3.140329224795616555e-05
2.968949184788709830e-06
-2.504194404036383918e-05
-2.914129425987725891e-05
8.173903141524538937e-05
1.051150422639086533e-04
6.480474537165319127e-06
-1.367188190184689045e-05
1.782941373042056410e-04
1.172999235834201270e-04
1.383143835726863670e-04
-1.481412927562154999e-05
3.502213786835253534e-05
5.322984836087254991e-04
8.093972967178964580e-04
-1.501072622138204232e-03
-4.520682598997683961e-04
-8.534501166034009351e-04
-1.745990800592585389e-04
-7.344681127969633410e-04
2.437236568824686369e-04
-7.870619758343969357e-04
1.108662623441571864e-04
-1.737970041788796847e-04
2.007766022806420293e-04
1.011970881212916767e-04
-8.745549095499847970e-05
-6.571905015384193441e-05
6.873758267084123909e-05
4.253739100699158518e-05
-2.129761689683401353e-05
5.519594386757802496e-07
3.739069515659720899e-06
-4.451054283090985302e-05
-2.805169290136301868e-05
7.340757283096850162e-05
4.501095423954925298e-05
-4.002362279492822472e-06
-1.314083906515100143e-04
7.840886293740189977e-05
7.479690173338264525e-05
-1.069571750694268909e-04
-2.022143970735861820e-04
1.296271887012763902e-04
-4.302755962574516526e-04
3.785422669284174615e-04
-4.667679916316807794e-04
-8.642878524942428824e-04
8.027753562650397513e-04
1.633310428124133381e-03
-3.386941416065330384e-04
8.262833227118592189e-04
-7.149072030282822062e-04
-3.432730064618955308e-04
-1.287722095749771218e-03
6.342149108074437579e-05
1.916579613937803930e-04
2.426771533300932859e-05
-7.309303733841534536e-05
-1.764096485548572368e-05
9.571630263957136555e-05
-5.292880365427400711e-05
-3.538129714100990951e-05
3.062469977208662740e-05
2.879796705899546612e-06
6.346270912195898454e-07
-5.387707890460317396e-05
-2.885324288760208328e-05
4.182364604620570454e-05
7.401370976056260336e-05
-1.003226187690800476e-05
-4.995765914537895385e-05
6.740233511712755924e-05
2.048761261118039101e-04
7.175580289653680577e-05
-1.560465748198636539e-04
-7.388613691356304275e-04
1.350997195805360147e-04
-4.107190622225615579e-04
3.010936686850795288e-04
2.895878730184254374e-03
2.862341403747014137e-03
-3.008911957849048522e-04
1.054354438071617795e-03
1.005872366967819082e-03
-7.352017796894833295e-04
-4.520014902476614748e-05
-9.847270070920057135e-04
4.351466463667659620e-04
5.615742610327712587e-04
-3.373255967734507246e-05
-1.999763315037525468e-04
1.038011122606367041e-04
8.069358056204012798e-05
-2.845572521927757295e-05
-5.320796574116666349e-05
3.342791887070108896e-05
4.244463881767404070e-05
-2.728442144099744809e-05
-6.861353464399121745e-06
5.886691494979387522e-06
-5.160344187083588778e-05
-3.436386094920289009e-05
7.320574781784337673e-05
6.668896257476199978e-05
-1.112354808150664738e-05
-8.019924112420841840e-06
4.578881486374907070e-05
3.771429212763177544e-05
-9.453878725960095618e-05
-1.953627482607174699e-04
-3.824222323494591092e-04
3.094901094112471993e-05
-9.163492358288400762e-04
-3.937557265557047872e-04
-2.167168114516060395e-04
-6.497771984855896547e-04
3.420074155961910539e-04
-1.056112697062352827e-03
-1.675532718340868969e-03
1.243314243850132499e-03
-1.260554457043586672e-03
-1.672122689178825398e-03
5.561678926294489700e-04
1.024901703671006383e-03
-4.183318351743958718e-04
-3.178538741382681658e-04
1.248843249816870881e-04
1.513213275266865956e-04
-7.028194675156868975e-06
-9.222105818253200412e-05
2.259473203010858898e-05
6.563521570930412868e-05
-3.402488060803736186e-05
-2.786587059640005699e-05
2.023164855343624635e-05
2.537235134260091424e-06
4.345923828684998731e-06
-5.594621800891400433e-05
-3.485586470873086552e-05
5.562759095800625915e-05
6.644766847857720314e-05
-3.035858072465149552e-05
-4.375641251935384656e-05
9.446755463405199886e-05
7.029375980945363491e-05
-4.945975966376360469e-05
-3.565204402562584599e-04
-1.538979977741621822e-04
-2.058920412624493492e-05
1.297961813550460326e-03
4.409776412407501178e-04
-1.040099792256549919e-03
6.227522091211231585e-05
-6.072450019561932005e-04
-1.583880263498375863e-03
-3.374645700149172048e-04
-7.110568181005969815e-04
-1.065312501450514041e-03
-9.418063376074768071e-04
5.729844875539401609e-05
-3.316390384925223212e-05
-5.667784577486751057e-04
-4.518238792747576184e-04
3.831388494005993797e-04
4.166998464364552986e-04
-9.717067403684071219e-05
-1.379057834265432175e-04
5.503639592209237218e-05
7.207279843401493205e-05
-1.338081797111974921e-05
-6.297731201328888011e-05
2.536071116242814187e-05
2.937115795406631744e-05
-1.718111456917544629e-05
-1.889217700841195084e-06
7.056653822312176656e-06
-5.315399628039207177e-05
-3.581593739700895528e-05
5.451565873188001302e-05
6.866727912933380789e-05
-3.452454937987355359e-05
-5.022255037584981560e-05
7.294645016854832843e-05
9.131384043320023118e-05
-4.309752151269351456e-05
-6.835776880723304133e-05
-2.881260918738881485e-05
-1.936198741535654418e-04
3.664308076426552822e-04
-3.152726783122160878e-05
2.241155873832107251e-03
-1.958257207585415035e-04
-1.474061145677405937e-03
1.560439436009985114e-03
-1.087760281356433493e-03
-6.130086858397657944e-05
7.320128922053595983e-04
3.412076474539059738e-04
2.112171113230657633e-04
-5.277121708083119984e-04
8.761753367157470334e-05
-7.233684828147486342e-04
3.453548818431273568e-04
1.140904787617194377e-04
-5.127387532507550602e-05
-2.749344177301136366e-04
8.379215966201501373e-05
1.467050825452046250e-04
-6.742458359066563051e-05
-7.193307283600300708e-05
1.548610964914064517e-05
5.213036849740820995e-05
-2.177378540006241975e-05
-2.572253869973254933e-05
1.342471560170657935e-05
1.222772536691027132e-07
8.627902446300505894e-06
-5.928842132229829006e-05
-4.625224391203286824e-05
4.992320842820167567e-05
7.737200904203559750e-05
-2.102265941027057139e-05
-5.934993314362106611e-05
7.023539158793610290e-05
1.364514944415465151e-04
-4.866617679812716159e-05
-2.014108263109389008e-04
1.540546108548556704e-05
9.379692024757317961e-05
2.839031462610617563e-04
-1.094845625584261366e-04
-1.573198673396490090e-03
3.718704052792911946e-04
-1.085400705764609335e-03
3.040150165082849010e-04
7.115890562651761052e-05
7.005318662965095760e-04
8.202908516793120308e-05
4.819324278744639613e-04
1.338931480774078336e-03
1.494930780573063434e-03
-5.582569120233074915e-04
1.810871797783697858e-04
-6.323679736661179992e-05
-4.883092823555399125e-05
-2.818982810573185220e-04
-2.508710446687055333e-04
6.173865830881868251e-06
2.066984398219203173e-04
-1.045885576787796973e-04
-1.609147029688690533e-04
6.470516515065269998e-05
5.707721625158309687e-05
-1.999225929427727363e-05
-4.273262313960558617e-05
1.907791944791276508e-05
2.095973814216852305e-05
-1.780274331439525440e-05
-8.882407659724757612e-07
6.042690355037452863e-06
-5.495178093978345807e-05
-5.505980843776669791e-05
5.413578924780911190e-05
8.232017521697771139e-05
-2.464382329669262146e-05
-6.643191467881626460e-05
7.452410183383299889e-05
1.545463241518838090e-04
-8.333638235616706250e-05
-1.561255393258092052e-04
-2.656870653753435046e-06
-7.367359545674577112e-07
7.116487978321272417e-05
2.063958571322897914e-04
-1.956950171771319118e-04
8.720061044776490655e-05
-1.027520047840315559e-03
-4.046668908296827843e-04
-8.475333163873027820e-05
-1.345055580882216733e-04
8.590657697077547835e-04
-6.926090752028409795e-04
-2.660547882356698209e-04
1.116943891199862621e-03
8.657283907155542734e-04
7.397514557593348663e-04
3.322204938456286031e-05
3.381540622558486036e-04
-8.643362905525310905e-07
7.365664607458002585e-05
1.371935967141625374e-04
1.096746641475788455e-04
-5.024099979815215260e-05
-1.712236959613852800e-04
1.150607933379224818e-04
1.068904829678198184e-04
-6.251883392476977421e-05
-6.493838753377276620e-05
1.752139359694631932e-05
3.509986199871982342e-05
-1.593401049418660177e-05
-1.184359000101244380e-05
6.273230413125861077e-06
1.572840131584693707e-06
8.338178900185329290e-06
-6.180112017816250620e-05
-5.036923807435523832e-05
5.707199372158479203e-05
7.576800087474730655e-05
-3.527654738907806762e-05
-6.766381848347948445e-05
9.014959612211118078e-05
1.512226636260045280e-04
-8.480526045938433779e-05
-1.381833276896924669e-04
1.655477466054762741e-05
2.707277332985162676e-05
3.011976950681287141e-05
-1.107884043608934395e-04
-1.673798345836261642e-04
-1.619369946837282900e-05
4.137859365383402162e-04
2.124234487562022241e-04
2.414847024719023183e-03
-3.437864291729300008e-05
1.489346578045972098e-03
-5.833539096899783985e-04
-9.222992582636235000e-04
-3.181552026021321525e-04
3.067298862831571043e-04
1.257243509019434578e-03
-1.963682214069644187e-04
-2.317997400130256645e-04
-3.604666146865185780e-04
-2.841535707881760438e-04
5.270848195739854841e-05
1.774366415507623845e-04
1.201858654968392115e-04
-7.947694195536530700e-05
4.757685261866373416e-05
1.203864133352523867e-04
-7.825775645982654776e-05
-1.179312181771487985e-04
4.927893652916111832e-05
6.603489522977839513e-05
-1.716617773551336410e-05
-3.919717751575815335e-05
8.381671910032617231e-06
1.236468108845555081e-05
-1.239073862630738312e-05
-1.192947011413364369e-06
-3.427249282565846680e-19
-3.679989849280581090e-19
-5.163199664843308381e-19
-6.085487188209644796e-19
4.109334193902527643e-19
-3.741201432214768432e-19
7.181444612454264457e-19
-1.704814371804576851e-19
2.454215930718745899e-19
-9.874255167919883891e-19
-2.868307722331766433e-19
7.263120798928425276e-19
1.496949095249288617e-19
-1.507239066184725287e-19
6.596542006121751501e-20
4.977156287691880329e-19
-4.897861223172107102e-19
-4.589814135972877302e-19
4.705189747034560736e-19
4.424423685363436316e-19
-2.640377228778796224e-19
5.431468615873878935e-19
1.022941703465087688e-19
-6.779904506012677935e-20
-4.530443160413925206e-19
3.181048355089642190e-19
-4.977377525385138713e-19
7.031011378080878568e-19
4.982392169991475285e-19
-4.085175924260594838e-19
5.025841686567300657e-19
-8.988204235398374548e-20
-5.763723659185574506e-19
9.974379674724327207e-19
-3.391688298897030511e-19
1.702719346734975317e-19
-1.440159481522394962e-19
4.307220531831853027e-19
3.566015316713599291e-19
2.989464889027835046e-19
4.110462768731788957e-20
-1.835348809769775927e-19
9.843544447344587952e-19
3.202791554679054251e-19
-2.049245905426698481e-19
-4.334521147425441720e-19
-7.474137894800977413e-19
-3.280909611057391105e-19
1.380259061799642835e-18
