0.000000000000000000e+00 0.000000000000000000e+00 0.000000000000000000e+00
1.308996938995747039e-01 0.000000000000000000e+00 7.160389999626204371e-03
1.308996938995747039e-01 8.975979010256551760e-01 1.317467999979271553e-02
1.308996938995747039e-01 1.795195802051310352e+00 2.739830000791698694e-03
1.308996938995747039e-01 2.692793703076965528e+00 3.060709999772370793e-03
1.308996938995747039e-01 3.590391604102620704e+00 2.105983999899763148e-02
1.308996938995747039e-01 4.487989505128275880e+00 4.254849998687859625e-03
1.308996938995747039e-01 5.385587406153931056e+00 1.231449998158495873e-03
2.617993877991494078e-01 0.000000000000000000e+00 3.153159999783383682e-03
2.617993877991494078e-01 4.833219467061219965e-01 7.697019998886389658e-03
2.617993877991494078e-01 9.666438934122439930e-01 1.015269999879819807e-02
2.617993877991494078e-01 1.449965840118365934e+00 5.808429998069186695e-03
2.617993877991494078e-01 1.933287786824487986e+00 2.745239999057957903e-03
2.617993877991494078e-01 2.416609733530609816e+00 2.512829998522647657e-03
2.617993877991494078e-01 2.899931680236731868e+00 2.755009998509194702e-03
2.617993877991494078e-01 3.383253626942853920e+00 7.077850001223850995e-03
2.617993877991494078e-01 3.866575573648975972e+00 2.075114999934157822e-02
2.617993877991494078e-01 4.349897520355098024e+00 1.353436000135843642e-02
2.617993877991494078e-01 4.833219467061219632e+00 3.515009999318863265e-03
2.617993877991494078e-01 5.316541413767341240e+00 1.360469999781344086e-03
2.617993877991494078e-01 5.799863360473462848e+00 1.696279998213867657e-03
3.926990816987241395e-01 0.000000000000000000e+00 3.542199998264550231e-03
3.926990816987241395e-01 3.306939635357676877e-01 6.064439998226589523e-03
3.926990816987241395e-01 6.613879270715353753e-01 7.644540000910637900e-03
3.926990816987241395e-01 9.920818906073030075e-01 6.364089998896815814e-03
3.926990816987241395e-01 1.322775854143070751e+00 3.865389997372403741e-03
3.926990816987241395e-01 1.653469817678838494e+00 2.925699998741038144e-03
3.926990816987241395e-01 1.984163781214606237e+00 3.913059998012613505e-03
3.926990816987241395e-01 2.314857744750373758e+00 4.234869998981594108e-03
3.926990816987241395e-01 2.645551708286141501e+00 3.203670001312275417e-03
3.926990816987241395e-01 2.976245671821909244e+00 3.333299999212613329e-03
3.926990816987241395e-01 3.306939635357676988e+00 8.239569999204832129e-03
3.926990816987241395e-01 3.637633598893444731e+00 1.929010000094422139e-02
3.926990816987241395e-01 3.968327562429212474e+00 2.017482999872299843e-02
3.926990816987241395e-01 4.299021525964979773e+00 9.623440000723348930e-03
3.926990816987241395e-01 4.629715489500747516e+00 3.401380001378129236e-03
3.926990816987241395e-01 4.960409453036515259e+00 1.536969999506254680e-03
3.926990816987241395e-01 5.291103416572283002e+00 1.211649998367647640e-03
3.926990816987241395e-01 5.621797380108050746e+00 2.166160000342642888e-03
3.926990816987241395e-01 5.952491343643818489e+00 4.341999998359824531e-03
5.235987755982988157e-01 0.000000000000000000e+00 6.042999999408493750e-03
5.235987755982988157e-01 2.513274122871834715e-01 6.751040000381181017e-03
5.235987755982988157e-01 5.026548245743669430e-01 5.748349998611956835e-03
5.235987755982988157e-01 7.539822368615504145e-01 4.020429998490726575e-03
5.235987755982988157e-01 1.005309649148733886e+00 2.918849999332451262e-03
5.235987755982988157e-01 1.256637061435917246e+00 3.931029999876045622e-03
5.235987755982988157e-01 1.507964473723100607e+00 6.678829999145818874e-03
5.235987755982988157e-01 1.759291886010283967e+00 8.043729998462367803e-03
5.235987755982988157e-01 2.010619298297467328e+00 6.109059999289456755e-03
5.235987755982988157e-01 2.261946710584650688e+00 3.689889999805018306e-03
5.235987755982988157e-01 2.513274122871834049e+00 3.078359999562962912e-03
5.235987755982988157e-01 2.764601535159017409e+00 6.062539998310967349e-03
5.235987755982988157e-01 3.015928947446200770e+00 1.387387999966449570e-02
5.235987755982988157e-01 3.267256359733384130e+00 2.185350999934598804e-02
5.235987755982988157e-01 3.518583772020567491e+00 1.874136999867914710e-02
5.235987755982988157e-01 3.769911184307750851e+00 1.006425999912607949e-02
5.235987755982988157e-01 4.021238596594934656e+00 4.268749999027932063e-03
5.235987755982988157e-01 4.272566008882118460e+00 1.948589997482486069e-03
5.235987755982988157e-01 4.523893421169302265e+00 1.187189998745452613e-03
5.235987755982988157e-01 4.775220833456486069e+00 1.337529998636455275e-03
5.235987755982988157e-01 5.026548245743669874e+00 2.330899998923996463e-03
5.235987755982988157e-01 5.277875658030853678e+00 3.994969998529995792e-03
5.235987755982988157e-01 5.529203070318037483e+00 5.787249998320476152e-03
5.235987755982988157e-01 5.780530482605221287e+00 6.750539998392923735e-03
5.235987755982988157e-01 6.031857894892405092e+00 6.018469999617082067e-03
6.544984694978734918e-01 0.000000000000000000e+00 4.428019998158561066e-03
6.544984694978734918e-01 2.094395102393195318e-01 3.065589999096118845e-03
6.544984694978734918e-01 4.188790204786390636e-01 3.276229999755742028e-03
6.544984694978734918e-01 6.283185307179586232e-01 5.644369999572518282e-03
6.544984694978734918e-01 8.377580409572781273e-01 9.413699999640812166e-03
6.544984694978734918e-01 1.047197551196597631e+00 1.104402999953890685e-02
6.544984694978734918e-01 1.256637061435917246e+00 8.657359998323954642e-03
6.544984694978734918e-01 1.466076571675236861e+00 5.180859996471554041e-03
6.544984694978734918e-01 1.675516081914556477e+00 3.157069999360828660e-03
6.544984694978734918e-01 1.884955592153876092e+00 3.679650000776746310e-03
6.544984694978734918e-01 2.094395102393195707e+00 7.379829998171771877e-03
6.544984694978734918e-01 2.303834612632515100e+00 1.418288999957439955e-02
6.544984694978734918e-01 2.513274122871834493e+00 1.971258999947167467e-02
6.544984694978734918e-01 2.722713633111153886e+00 1.757267999892064836e-02
6.544984694978734918e-01 2.932153143350473279e+00 1.082349999887810554e-02
6.544984694978734918e-01 3.141592653589792672e+00 5.346299998564063571e-03
6.544984694978734918e-01 3.351032163829112065e+00 2.495100001397076994e-03
6.544984694978734918e-01 3.560471674068431458e+00 1.428949999535689130e-03
6.544984694978734918e-01 3.769911184307750851e+00 1.234529998328071088e-03
6.544984694978734918e-01 3.979350694547070244e+00 1.594500001374399289e-03
6.544984694978734918e-01 4.188790204786389637e+00 2.592709999589715153e-03
6.544984694978734918e-01 4.398229715025709474e+00 4.065859999172971584e-03
6.544984694978734918e-01 4.607669225265029311e+00 5.739909998737857677e-03
6.544984694978734918e-01 4.817108735504349148e+00 6.823029998486163095e-03
6.544984694978734918e-01 5.026548245743668986e+00 6.574559998625773005e-03
6.544984694978734918e-01 5.235987755982988823e+00 5.180429998290492222e-03
6.544984694978734918e-01 5.445427266222308660e+00 3.590669999539386481e-03
6.544984694978734918e-01 5.654866776461628497e+00 2.923629999713739380e-03
6.544984694978734918e-01 5.864306286700948334e+00 4.286529998353216797e-03
6.544984694978734918e-01 6.073745796940268171e+00 7.734329998129396699e-03
7.853981633974481680e-01 0.000000000000000000e+00 1.097621999906550627e-02
7.853981633974481680e-01 1.847995678582231294e-01 1.108858999941730872e-02
7.853981633974481680e-01 3.695991357164462587e-01 8.144700001139426604e-03
7.853981633974481680e-01 5.543987035746693603e-01 4.923439999402035028e-03
7.853981633974481680e-01 7.391982714328925175e-01 3.193929998815292493e-03
7.853981633974481680e-01 9.239978392911156746e-01 3.607269998610718176e-03
7.853981633974481680e-01 1.108797407149338721e+00 6.485309999334276654e-03
7.853981633974481680e-01 1.293596975007561767e+00 1.153532999887829646e-02
7.853981633974481680e-01 1.478396542865784813e+00 1.616358999854128342e-02
7.853981633974481680e-01 1.663196110724007859e+00 1.605075999941618647e-02
7.853981633974481680e-01 1.847995678582230905e+00 1.150602999950933736e-02
7.853981633974481680e-01 2.032795246440453951e+00 6.550879998030723073e-03
7.853981633974481680e-01 2.217594814298676997e+00 3.367589999470510520e-03
7.853981633974481680e-01 2.402394382156900043e+00 1.835849998315097764e-03
7.853981633974481680e-01 2.587193950015123090e+00 1.407179999660002068e-03
7.853981633974481680e-01 2.771993517873346136e+00 1.424009999027475715e-03
7.853981633974481680e-01 2.956793085731569182e+00 1.840669998273369856e-03
7.853981633974481680e-01 3.141592653589792228e+00 2.613069998915307224e-03
7.853981633974481680e-01 3.326392221448015274e+00 3.723980000359006226e-03
7.853981633974481680e-01 3.511191789306238320e+00 5.178459998205653392e-03
7.853981633974481680e-01 3.695991357164461366e+00 6.400829999620327726e-03
7.853981633974481680e-01 3.880790925022684412e+00 6.783650000215857290e-03
7.853981633974481680e-01 4.065590492880907902e+00 5.882229999770061113e-03
7.853981633974481680e-01 4.250390060739131393e+00 4.405139998198137619e-03
7.853981633974481680e-01 4.435189628597354883e+00 3.108759998212917708e-03
7.853981633974481680e-01 4.619989196455578373e+00 3.165130001434590667e-03
7.853981633974481680e-01 4.804788764313801863e+00 5.072769998150761239e-03
7.853981633974481680e-01 4.989588332172025353e+00 8.640019999802461825e-03
7.853981633974481680e-01 5.174387900030248844e+00 1.137560999814013485e-02
7.853981633974481680e-01 5.359187467888472334e+00 1.056148999850847758e-02
7.853981633974481680e-01 5.543987035746695824e+00 7.299269998839008622e-03
7.853981633974481680e-01 5.728786603604919314e+00 4.331809999712277204e-03
7.853981633974481680e-01 5.913586171463142804e+00 3.080249998674844392e-03
7.853981633974481680e-01 6.098385739321366295e+00 4.067629999553901143e-03
9.162978572970228441e-01 0.000000000000000000e+00 7.093229998645256273e-03
9.162978572970228441e-01 1.611073155687073322e-01 1.153817999875172973e-02
9.162978572970228441e-01 3.222146311374146643e-01 1.511964000019361265e-02
9.162978572970228441e-01 4.833219467061219965e-01 1.479563999964739196e-02
9.162978572970228441e-01 6.444292622748293287e-01 1.103139999941049609e-02
9.162978572970228441e-01 8.055365778435366053e-01 6.704889998218277469e-03
9.162978572970228441e-01 9.666438934122438820e-01 3.644919999715057202e-03
9.162978572970228441e-01 1.127751208980951159e+00 2.080499998555751517e-03
9.162978572970228441e-01 1.288858524549658435e+00 1.573780000398983248e-03
9.162978572970228441e-01 1.449965840118365712e+00 1.616409999769530259e-03
9.162978572970228441e-01 1.611073155687072989e+00 1.964429999134154059e-03
9.162978572970228441e-01 1.772180471255780265e+00 2.371489998040487990e-03
9.162978572970228441e-01 1.933287786824487542e+00 2.794999998513958417e-03
9.162978572970228441e-01 2.094395102393194819e+00 3.310099998998339288e-03
9.162978572970228441e-01 2.255502417961902317e+00 4.037939999761874788e-03
9.162978572970228441e-01 2.416609733530609816e+00 4.846809999435208738e-03
9.162978572970228441e-01 2.577717049099317315e+00 5.362239999158191495e-03
9.162978572970228441e-01 2.738824364668024813e+00 5.187959999602753669e-03
9.162978572970228441e-01 2.899931680236732312e+00 4.383539999253116548e-03
9.162978572970228441e-01 3.061038995805439811e+00 3.417900001295492984e-03
9.162978572970228441e-01 3.222146311374147309e+00 2.954639998279162683e-03
9.162978572970228441e-01 3.383253626942854808e+00 3.783109998039435595e-03
9.162978572970228441e-01 3.544360942511562307e+00 6.197730001076706685e-03
9.162978572970228441e-01 3.705468258080269806e+00 9.453199998461059295e-03
9.162978572970228441e-01 3.866575573648977304e+00 1.128772999800276011e-02
9.162978572970228441e-01 4.027682889217684803e+00 1.007040999866148923e-02
9.162978572970228441e-01 4.188790204786392302e+00 7.111439999789581634e-03
9.162978572970228441e-01 4.349897520355099800e+00 4.433899999639834277e-03
9.162978572970228441e-01 4.511004835923807299e+00 3.113149998171138577e-03
9.162978572970228441e-01 4.672112151492514798e+00 3.582139999707578681e-03
9.162978572970228441e-01 4.833219467061222296e+00 6.043229999704635702e-03
9.162978572970228441e-01 4.994326782629929795e+00 1.023247999910381623e-02
9.162978572970228441e-01 5.155434098198637294e+00 1.440526999977009837e-02
9.162978572970228441e-01 5.316541413767344793e+00 1.534865999929024838e-02
9.162978572970228441e-01 5.477648729336052291e+00 1.227018999816209543e-02
9.162978572970228441e-01 5.638756044904759790e+00 7.844229998227092437e-03
9.162978572970228441e-01 5.799863360473467289e+00 4.339559998697950505e-03
9.162978572970228441e-01 5.960970676042174787e+00 2.404099999694153666e-03
9.162978572970228441e-01 6.122077991610882286e+00 1.627569998163380660e-03
1.047197551196597631e+00 0.000000000000000000e+00 1.581279999300022610e-03
1.047197551196597631e+00 1.495996501709425386e-01 1.831499999752850272e-03
1.047197551196597631e+00 2.991993003418850772e-01 2.284050000525894575e-03
1.047197551196597631e+00 4.487989505128275880e-01 2.669529998456710018e-03
1.047197551196597631e+00 5.983986006837701543e-01 3.057089998037554324e-03
1.047197551196597631e+00 7.479982508547127207e-01 3.488489999654120766e-03
1.047197551196597631e+00 8.975979010256552870e-01 4.065199998876778409e-03
1.047197551196597631e+00 1.047197551196597853e+00 4.572219999317894690e-03
1.047197551196597631e+00 1.196797201367540309e+00 4.741799999465001747e-03
1.047197551196597631e+00 1.346396851538482764e+00 4.401449998113093898e-03
1.047197551196597631e+00 1.495996501709425219e+00 3.695269999298034236e-03
1.047197551196597631e+00 1.645596151880367675e+00 3.048799999305629171e-03
1.047197551196597631e+00 1.795195802051310130e+00 3.088659999775700271e-03
1.047197551196597631e+00 1.944795452222252585e+00 4.491609999604406767e-03
1.047197551196597631e+00 2.094395102393195263e+00 7.549479998488095589e-03
1.047197551196597631e+00 2.243994752564137940e+00 1.120819999960076530e-02
1.047197551196597631e+00 2.393594402735080617e+00 1.301411999884294346e-02
1.047197551196597631e+00 2.543194052906023295e+00 1.144745000055991113e-02
1.047197551196597631e+00 2.692793703076965972e+00 8.015260000320267864e-03
1.047197551196597631e+00 2.842393353247908649e+00 4.890009999144240282e-03
1.047197551196597631e+00 2.991993003418851327e+00 3.183719998560263775e-03
1.047197551196597631e+00 3.141592653589794004e+00 3.158789999361033551e-03
1.047197551196597631e+00 3.291192303760736682e+00 5.010659999243216589e-03
1.047197551196597631e+00 3.440791953931679359e+00 8.648749999338178895e-03
1.047197551196597631e+00 3.590391604102622036e+00 1.306668999859539326e-02
1.047197551196597631e+00 3.739991254273564714e+00 1.560009999957401305e-02
1.047197551196597631e+00 3.889590904444507391e+00 1.411366999855090398e-02
1.047197551196597631e+00 4.039190554615450068e+00 1.006580000102985650e-02
1.047197551196597631e+00 4.188790204786392302e+00 6.029259999195346609e-03
1.047197551196597631e+00 4.338389854957334535e+00 3.332659998704912141e-03
1.047197551196597631e+00 4.487989505128276768e+00 1.971609999600332230e-03
1.047197551196597631e+00 4.637589155299219001e+00 1.565759997902205214e-03
1.047197551196597631e+00 4.787188805470161235e+00 1.641669998207362369e-03
1.047197551196597631e+00 4.936788455641103468e+00 2.017110000451793894e-03
1.047197551196597631e+00 5.086388105812045701e+00 2.427149998766253702e-03
1.047197551196597631e+00 5.235987755982987935e+00 2.817799999320413917e-03
1.047197551196597631e+00 5.385587406153930168e+00 3.200399998604552820e-03
1.047197551196597631e+00 5.535187056324872401e+00 3.693189999466994777e-03
1.047197551196597631e+00 5.684786706495814634e+00 4.281819998141145334e-03
1.047197551196597631e+00 5.834386356666756868e+00 4.697819998909835704e-03
1.047197551196597631e+00 5.983986006837699101e+00 4.680709997046506032e-03
1.047197551196597631e+00 6.133585657008641334e+00 4.159439999057212844e-03
1.178097245096172418e+00 0.000000000000000000e+00 3.422429999773157761e-03
1.178097245096172418e+00 1.396263401595463638e-01 2.944199999546981417e-03
1.178097245096172418e+00 2.792526803190927276e-01 3.358209998623351566e-03
1.178097245096172418e+00 4.188790204786391191e-01 5.288899998049600981e-03
1.178097245096172418e+00 5.585053606381854552e-01 8.861069998602033593e-03
1.178097245096172418e+00 6.981317007977317912e-01 1.275662999978521839e-02
1.178097245096172418e+00 8.377580409572781273e-01 1.439665999896533322e-02
1.178097245096172418e+00 9.773843811168244633e-01 1.248561999818775803e-02
1.178097245096172418e+00 1.117010721276370910e+00 8.714760000657406636e-03
1.178097245096172418e+00 1.256637061435917246e+00 5.306079998263157904e-03
1.178097245096172418e+00 1.396263401595463582e+00 3.347719999510445632e-03
1.178097245096172418e+00 1.535889741755009918e+00 2.958909999506431632e-03
1.178097245096172418e+00 1.675516081914556255e+00 4.257999999026651494e-03
1.178097245096172418e+00 1.815142422074102591e+00 7.070649999150191434e-03
1.178097245096172418e+00 1.954768762233648927e+00 1.071942999806196894e-02
1.178097245096172418e+00 2.094395102393195263e+00 1.342646999728458468e-02
1.178097245096172418e+00 2.234021442552741821e+00 1.315782999881776050e-02
1.178097245096172418e+00 2.373647782712288379e+00 1.027672000054735690e-02
1.178097245096172418e+00 2.513274122871834937e+00 6.722780000927741639e-03
1.178097245096172418e+00 2.652900463031381495e+00 3.916729998309165239e-03
1.178097245096172418e+00 2.792526803190928053e+00 2.332999998543527909e-03
1.178097245096172418e+00 2.932153143350474611e+00 1.683529999354504980e-03
1.178097245096172418e+00 3.071779483510021169e+00 1.652749997447244823e-03
1.178097245096172418e+00 3.211405823669567727e+00 1.889389999632840045e-03
1.178097245096172418e+00 3.351032163829114285e+00 2.339659999051946215e-03
1.178097245096172418e+00 3.490658503988660843e+00 2.660969999851658940e-03
1.178097245096172418e+00 3.630284844148207402e+00 2.995929999087820761e-03
1.178097245096172418e+00 3.769911184307753960e+00 3.363069998158607632e-03
1.178097245096172418e+00 3.909537524467300518e+00 3.883920000589569099e-03
1.178097245096172418e+00 4.049163864626846632e+00 4.450639999049599282e-03
1.178097245096172418e+00 4.188790204786393190e+00 4.774979999638162553e-03
1.178097245096172418e+00 4.328416544945939748e+00 4.643010001018410549e-03
1.178097245096172418e+00 4.468042885105486306e+00 4.046409998409217224e-03
1.178097245096172418e+00 4.607669225265032864e+00 3.315609998026047833e-03
1.178097245096172418e+00 4.747295565424579422e+00 2.934419999292003922e-03
1.178097245096172418e+00 4.886921905584125980e+00 3.548409998984425329e-03
1.178097245096172418e+00 5.026548245743672538e+00 5.759849998867139220e-03
1.178097245096172418e+00 5.166174585903219096e+00 9.511749998637242243e-03
1.178097245096172418e+00 5.305800926062765654e+00 1.323799999954644591e-02
1.178097245096172418e+00 5.445427266222312213e+00 1.430869999967399053e-02
1.178097245096172418e+00 5.585053606381858771e+00 1.195463999829371460e-02
1.178097245096172418e+00 5.724679946541405329e+00 8.101269999315263703e-03
1.178097245096172418e+00 5.864306286700951887e+00 4.895619998933398165e-03
1.178097245096172418e+00 6.003932626860498445e+00 3.179279998221318237e-03
1.178097245096172418e+00 6.143558967020045003e+00 3.050449999136617407e-03
1.308996938995747206e+00 0.000000000000000000e+00 4.546069998468738049e-03
1.308996938995747206e+00 1.336847937697784316e-01 7.375309998678858392e-03
1.308996938995747206e+00 2.673695875395568633e-01 1.080447999993339181e-02
1.308996938995747206e+00 4.010543813093352949e-01 1.307663999978103675e-02
1.308996938995747206e+00 5.347391750791137266e-01 1.252982999722007662e-02
1.308996938995747206e+00 6.684239688488922138e-01 9.707389997856807895e-03
1.308996938995747206e+00 8.021087626186707009e-01 6.375879998813616112e-03
1.308996938995747206e+00 9.357935563884491881e-01 3.759079998417291790e-03
1.308996938995747206e+00 1.069478350158227675e+00 2.290729999003815465e-03
1.308996938995747206e+00 1.203163143928006162e+00 1.718849998724181205e-03
1.308996938995747206e+00 1.336847937697784650e+00 1.760209999702055939e-03
1.308996938995747206e+00 1.470532731467563137e+00 2.080119998936424963e-03
1.308996938995747206e+00 1.604217525237341624e+00 2.571059998444980010e-03
1.308996938995747206e+00 1.737902319007120111e+00 2.874809999411809258e-03
1.308996938995747206e+00 1.871587112776898598e+00 3.103209999608225189e-03
1.308996938995747206e+00 2.005271906546676863e+00 3.290649998234584928e-03
1.308996938995747206e+00 2.138956700316455350e+00 3.598039998905733228e-03
1.308996938995747206e+00 2.272641494086233838e+00 4.063599999426514842e-03
1.308996938995747206e+00 2.406326287856012325e+00 4.421159999765222892e-03
1.308996938995747206e+00 2.540011081625790812e+00 4.471469999771215953e-03
1.308996938995747206e+00 2.673695875395569299e+00 4.086609998921630904e-03
1.308996938995747206e+00 2.807380669165347786e+00 3.452109998761443421e-03
1.308996938995747206e+00 2.941065462935126273e+00 2.964439998322632164e-03
1.308996938995747206e+00 3.074750256704904761e+00 3.174089999447460286e-03
1.308996938995747206e+00 3.208435050474683248e+00 4.694189998190267943e-03
1.308996938995747206e+00 3.342119844244461735e+00 7.838349998564808629e-03
1.308996938995747206e+00 3.475804638014240222e+00 1.172840000072028488e-02
1.308996938995747206e+00 3.609489431784018709e+00 1.418930999898293521e-02
1.308996938995747206e+00 3.743174225553797196e+00 1.330444999803148676e-02
1.308996938995747206e+00 3.876859019323575684e+00 1.002028999937465414e-02
1.308996938995747206e+00 4.010543813093353727e+00 6.379979999110219069e-03
1.308996938995747206e+00 4.144228606863132214e+00 3.927159998056595214e-03
1.308996938995747206e+00 4.277913400632910701e+00 2.922849998867604882e-03
1.308996938995747206e+00 4.411598194402689188e+00 3.471009998975205235e-03
1.308996938995747206e+00 4.545282988172467675e+00 5.556630001592566259e-03
1.308996938995747206e+00 4.678967781942246162e+00 8.750700000746292062e-03
1.308996938995747206e+00 4.812652575712024650e+00 1.200566000079561491e-02
1.308996938995747206e+00 4.946337369481803137e+00 1.322028999857138842e-02
1.308996938995747206e+00 5.080022163251581624e+00 1.156660999913583510e-02
1.308996938995747206e+00 5.213706957021360111e+00 8.324790000187931582e-03
1.308996938995747206e+00 5.347391750791138598e+00 5.183789999136934057e-03
1.308996938995747206e+00 5.481076544560917085e+00 3.033059998415410519e-03
1.308996938995747206e+00 5.614761338330695573e+00 1.961379999556811526e-03
1.308996938995747206e+00 5.748446132100474060e+00 1.693849999355734326e-03
1.308996938995747206e+00 5.882130925870252547e+00 1.871929998742416501e-03
1.308996938995747206e+00 6.015815719640031034e+00 2.273639998747967184e-03
1.308996938995747206e+00 6.149500513409809521e+00 2.708139998503611423e-03
1.439896632895321993e+00 0.000000000000000000e+00 2.978429996801423840e-03
1.439896632895321993e+00 1.308996938995747039e-01 3.182599999490776099e-03
1.439896632895321993e+00 2.617993877991494078e-01 3.379899999345070682e-03
1.439896632895321993e+00 3.926990816987241395e-01 3.739949999726377428e-03
1.439896632895321993e+00 5.235987755982988157e-01 4.159099997195880860e-03
1.439896632895321993e+00 6.544984694978734918e-01 4.391539998323423788e-03
1.439896632895321993e+00 7.853981633974481680e-01 4.294209998988662846e-03
1.439896632895321993e+00 9.162978572970228441e-01 3.808309998930781148e-03
1.439896632895321993e+00 1.047197551196597631e+00 3.206599998520687222e-03
1.439896632895321993e+00 1.178097245096172418e+00 2.919639999163337052e-03
1.439896632895321993e+00 1.308996938995747206e+00 3.528089999235817231e-03
1.439896632895321993e+00 1.439896632895321993e+00 5.618699999104137532e-03
1.439896632895321993e+00 1.570796326794896780e+00 9.264679998523206450e-03
1.439896632895321993e+00 1.701696020694471567e+00 1.318747999903280288e-02
1.439896632895321993e+00 1.832595714594046354e+00 1.492786999733652920e-02
1.439896632895321993e+00 1.963495408493621142e+00 1.316184000097564422e-02
1.439896632895321993e+00 2.094395102393195707e+00 9.432159999050782062e-03
1.439896632895321993e+00 2.225294796292770272e+00 5.844049999723210931e-03
1.439896632895321993e+00 2.356194490192344837e+00 3.621089999796822667e-03
1.439896632895321993e+00 2.487094184091919402e+00 2.865459999156882986e-03
1.439896632895321993e+00 2.617993877991493967e+00 3.665979998913826421e-03
1.439896632895321993e+00 2.748893571891068532e+00 5.920699999478529207e-03
1.439896632895321993e+00 2.879793265790643098e+00 9.157839998806593940e-03
1.439896632895321993e+00 3.010692959690217663e+00 1.220482999633532017e-02
1.439896632895321993e+00 3.141592653589792228e+00 1.303791000100318342e-02
1.439896632895321993e+00 3.272492347489366793e+00 1.115077999929781072e-02
1.439896632895321993e+00 3.403392041388941358e+00 7.917929999166517518e-03
1.439896632895321993e+00 3.534291735288515923e+00 4.902949998722760938e-03
1.439896632895321993e+00 3.665191429188090488e+00 2.895789999456610531e-03
1.439896632895321993e+00 3.796091123087665054e+00 1.912519999677897431e-03
1.439896632895321993e+00 3.926990816987239619e+00 1.695819999440573156e-03
1.439896632895321993e+00 4.057890510886814184e+00 1.889149998532957397e-03
1.439896632895321993e+00 4.188790204786388749e+00 2.299069998116465285e-03
1.439896632895321993e+00 4.319689898685963314e+00 2.721829998336033896e-03
1.439896632895321993e+00 4.450589592585537879e+00 2.988529999129241332e-03
1.439896632895321993e+00 4.581489286485112444e+00 3.190699999322532676e-03
1.439896632895321993e+00 4.712388980384687009e+00 3.392499998881248757e-03
1.439896632895321993e+00 4.843288674284261575e+00 3.760429999601910822e-03
1.439896632895321993e+00 4.974188368183836140e+00 4.175789999862900004e-03
1.439896632895321993e+00 5.105088062083410705e+00 4.394749998027691618e-03
1.439896632895321993e+00 5.235987755982985270e+00 4.278339998563751578e-03
1.439896632895321993e+00 5.366887449882559835e+00 3.779109998504281975e-03
1.439896632895321993e+00 5.497787143782134400e+00 3.182079997714026831e-03
1.439896632895321993e+00 5.628686837681708965e+00 2.923719999671448022e-03
1.439896632895321993e+00 5.759586531581283531e+00 3.588509998735389672e-03
1.439896632895321993e+00 5.890486225480858096e+00 5.760410000220872462e-03
1.439896632895321993e+00 6.021385919380432661e+00 9.456179999688174576e-03
1.439896632895321993e+00 6.152285613280007226e+00 1.333853999858547468e-02
1.570796326794896780e+00 0.000000000000000000e+00 1.491915999758930411e-02
1.570796326794896780e+00 1.308996938995747039e-01 1.301595000040833838e-02
1.570796326794896780e+00 2.617993877991494078e-01 9.244239996405667625e-03
1.570796326794896780e+00 3.926990816987241395e-01 5.707300000722170807e-03
1.570796326794896780e+00 5.235987755982988157e-01 3.552350000973092392e-03
1.570796326794896780e+00 6.544984694978734918e-01 2.867090001018368639e-03
1.570796326794896780e+00 7.853981633974481680e-01 3.741289998288266361e-03
1.570796326794896780e+00 9.162978572970228441e-01 6.056419999367790297e-03
1.570796326794896780e+00 1.047197551196597631e+00 9.319109998614294454e-03
1.570796326794896780e+00 1.178097245096172418e+00 1.230480999947758391e-02
1.570796326794896780e+00 1.308996938995747206e+00 1.300471000104153063e-02
1.570796326794896780e+00 1.439896632895321993e+00 1.101636999919719528e-02
1.570796326794896780e+00 1.570796326794896780e+00 7.763829999021254480e-03
1.570796326794896780e+00 1.701696020694471567e+00 4.783499998666229658e-03
1.570796326794896780e+00 1.832595714594046354e+00 2.830249999533407390e-03
1.570796326794896780e+00 1.963495408493621142e+00 1.886589998321142048e-03
1.570796326794896780e+00 2.094395102393195707e+00 1.697679999779211357e-03
1.570796326794896780e+00 2.225294796292770272e+00 1.904369999465416186e-03
1.570796326794896780e+00 2.356194490192344837e+00 2.324019998923176900e-03
1.570796326794896780e+00 2.487094184091919402e+00 2.735420001044985838e-03
1.570796326794896780e+00 2.617993877991493967e+00 2.999579999595880508e-03
1.570796326794896780e+00 2.748893571891068532e+00 3.198579999661887996e-03
1.570796326794896780e+00 2.879793265790643098e+00 3.405419998671277426e-03
1.570796326794896780e+00 3.010692959690217663e+00 3.780939998250687495e-03
1.570796326794896780e+00 3.141592653589792228e+00 4.192089998468873091e-03
1.570796326794896780e+00 3.272492347489366793e+00 4.397559998324140906e-03
1.570796326794896780e+00 3.403392041388941358e+00 4.261789998054155149e-03
1.570796326794896780e+00 3.534291735288515923e+00 3.749959998458507471e-03
1.570796326794896780e+00 3.665191429188090488e+00 3.158189998430316336e-03
1.570796326794896780e+00 3.796091123087665054e+00 2.929959999164566398e-03
1.570796326794896780e+00 3.926990816987239619e+00 3.652189998319954611e-03
1.570796326794896780e+00 4.057890510886814184e+00 5.905869998969137669e-03
1.570796326794896780e+00 4.188790204786388749e+00 9.648479999668779783e-03
1.570796326794896780e+00 4.319689898685963314e+00 1.348451999911048915e-02
1.570796326794896780e+00 4.450589592585537879e+00 1.490164999995613471e-02
1.570796326794896780e+00 4.581489286485112444e+00 1.286605999848688953e-02
1.570796326794896780e+00 4.712388980384687009e+00 9.057180001036613248e-03
1.570796326794896780e+00 4.843288674284261575e+00 5.573729999014176428e-03
1.570796326794896780e+00 4.974188368183836140e+00 3.486849998807883821e-03
1.570796326794896780e+00 5.105088062083410705e+00 2.872269998988485895e-03
1.570796326794896780e+00 5.235987755982985270e+00 3.819819998170714825e-03
1.570796326794896780e+00 5.366887449882559835e+00 6.193989998791948892e-03
1.570796326794896780e+00 5.497787143782134400e+00 9.480339998845010996e-03
1.570796326794896780e+00 5.628686837681708965e+00 1.239942999745835550e-02
1.570796326794896780e+00 5.759586531581283531e+00 1.296507999904861208e-02
1.570796326794896780e+00 5.890486225480858096e+00 1.087772999926528428e-02
1.570796326794896780e+00 6.021385919380432661e+00 7.610309998199227266e-03
1.570796326794896780e+00 6.152285613280007226e+00 4.666389999329112470e-03
1.701696020694471567e+00 0.000000000000000000e+00 2.766659998087561689e-03
1.701696020694471567e+00 1.308996938995747039e-01 1.862299999629613012e-03
1.701696020694471567e+00 2.617993877991494078e-01 1.700379998510470614e-03
1.701696020694471567e+00 3.926990816987241395e-01 1.919429998451960273e-03
1.701696020694471567e+00 5.235987755982988157e-01 2.349259999391506426e-03
1.701696020694471567e+00 6.544984694978734918e-01 2.749039998889202252e-03
1.701696020694471567e+00 7.853981633974481680e-01 3.010570000697043724e-03
1.701696020694471567e+00 9.162978572970228441e-01 3.206279998266836628e-03
1.701696020694471567e+00 1.047197551196597631e+00 3.418579999561188743e-03
1.701696020694471567e+00 1.178097245096172418e+00 3.801469998506945558e-03
1.701696020694471567e+00 1.308996938995747206e+00 4.207929998301551677e-03
1.701696020694471567e+00 1.439896632895321993e+00 4.400019999593496323e-03
1.701696020694471567e+00 1.570796326794896780e+00 4.244589999871095642e-03
1.701696020694471567e+00 1.701696020694471567e+00 3.720979999343398958e-03
1.701696020694471567e+00 1.832595714594046354e+00 3.135009998004534282e-03
1.701696020694471567e+00 1.963495408493621142e+00 2.938329998869448900e-03
1.701696020694471567e+00 2.094395102393195707e+00 3.718110001500463113e-03
1.701696020694471567e+00 2.225294796292770272e+00 6.054959998436970636e-03
1.701696020694471567e+00 2.356194490192344837e+00 9.841519999099546112e-03
1.701696020694471567e+00 2.487094184091919402e+00 1.362498999878880568e-02
1.701696020694471567e+00 2.617993877991493967e+00 1.487553999868396204e-02
1.701696020694471567e+00 2.748893571891068532e+00 1.271236999855318572e-02
1.701696020694471567e+00 2.879793265790643098e+00 8.871249998264829628e-03
1.701696020694471567e+00 3.010692959690217663e+00 5.443329999252455309e-03
1.701696020694471567e+00 3.141592653589792228e+00 3.424739999900339171e-03
1.701696020694471567e+00 3.272492347489366793e+00 2.880829999412526377e-03
1.701696020694471567e+00 3.403392041388941358e+00 3.901549998772679828e-03
1.701696020694471567e+00 3.534291735288515923e+00 6.333289999020053074e-03
1.701696020694471567e+00 3.665191429188090488e+00 9.641229999033384956e-03
1.701696020694471567e+00 3.796091123087665054e+00 1.248861999920336530e-02
1.701696020694471567e+00 3.926990816987239619e+00 1.291911999942385592e-02
1.701696020694471567e+00 4.057890510886814184e+00 1.073633999840239994e-02
1.701696020694471567e+00 4.188790204786388749e+00 7.457469999280874617e-03
1.701696020694471567e+00 4.319689898685963314e+00 4.551529998934711330e-03
1.701696020694471567e+00 4.450589592585537879e+00 2.705020000576041639e-03
1.701696020694471567e+00 4.581489286485112444e+00 1.839689999542315491e-03
1.701696020694471567e+00 4.712388980384687009e+00 1.704140000583720393e-03
1.701696020694471567e+00 4.843288674284261575e+00 1.934380001330282539e-03
1.701696020694471567e+00 4.974188368183836140e+00 2.374579999013803899e-03
1.701696020694471567e+00 5.105088062083410705e+00 2.762659998552408069e-03
1.701696020694471567e+00 5.235987755982985270e+00 3.021389999048551545e-03
1.701696020694471567e+00 5.366887449882559835e+00 3.213869998944574036e-03
1.701696020694471567e+00 5.497787143782134400e+00 3.431920000366517343e-03
1.701696020694471567e+00 5.628686837681708965e+00 3.822009999566944316e-03
1.701696020694471567e+00 5.759586531581283531e+00 4.223369998726411723e-03
1.701696020694471567e+00 5.890486225480858096e+00 4.401889998916885816e-03
1.701696020694471567e+00 6.021385919380432661e+00 4.226549999657436274e-03
1.701696020694471567e+00 6.152285613280007226e+00 3.691949998028576374e-03
1.832595714594046354e+00 0.000000000000000000e+00 3.110959998593898490e-03
1.832595714594046354e+00 1.336847937697784316e-01 2.952149998236563988e-03
1.832595714594046354e+00 2.673695875395568633e-01 3.814299998339265585e-03
1.832595714594046354e+00 4.010543813093352949e-01 6.267359998673782684e-03
1.832595714594046354e+00 5.347391750791137266e-01 1.006143999802588951e-02
1.832595714594046354e+00 6.684239688488922138e-01 1.359803999912401196e-02
1.832595714594046354e+00 8.021087626186707009e-01 1.435785999819927383e-02
1.832595714594046354e+00 9.357935563884491881e-01 1.189459999841346871e-02
1.832595714594046354e+00 1.069478350158227675e+00 8.076319998508552089e-03
1.832595714594046354e+00 1.203163143928006162e+00 4.915579998851171695e-03
1.832595714594046354e+00 1.336847937697784650e+00 3.192779999153572135e-03
1.832595714594046354e+00 1.470532731467563137e+00 2.988359998198575340e-03
1.832595714594046354e+00 1.604217525237341624e+00 4.403479999382398091e-03
1.832595714594046354e+00 1.737902319007120111e+00 7.243929998367093503e-03
1.832595714594046354e+00 1.871587112776898598e+00 1.082676000078208745e-02
1.832595714594046354e+00 2.005271906546676863e+00 1.342665999800374266e-02
1.832595714594046354e+00 2.138956700316455350e+00 1.314232999902742449e-02
1.832595714594046354e+00 2.272641494086233838e+00 1.033766999898944050e-02
1.832595714594046354e+00 2.406326287856012325e+00 6.845579999207984656e-03
1.832595714594046354e+00 2.540011081625790812e+00 4.036989999804063700e-03
1.832595714594046354e+00 2.673695875395569299e+00 2.413180000075954013e-03
1.832595714594046354e+00 2.807380669165347786e+00 1.725870000882423483e-03
1.832595714594046354e+00 2.941065462935126273e+00 1.706910001303185709e-03
1.832595714594046354e+00 3.074750256704904761e+00 1.993289999518310651e-03
1.832595714594046354e+00 3.208435050474683248e+00 2.487859999746433459e-03
1.832595714594046354e+00 3.342119844244461735e+00 2.821189998940099031e-03
1.832595714594046354e+00 3.475804638014240222e+00 3.077779998420737684e-03
1.832595714594046354e+00 3.609489431784018709e+00 3.270410001277923584e-03
1.832595714594046354e+00 3.743174225553797196e+00 3.549459999703685753e-03
1.832595714594046354e+00 3.876859019323575684e+00 3.977299998950911686e-03
1.832595714594046354e+00 4.010543813093353727e+00 4.317509998145396821e-03
1.832595714594046354e+00 4.144228606863132214e+00 4.377269999167765491e-03
1.832595714594046354e+00 4.277913400632910701e+00 4.037789998619700782e-03
1.832595714594046354e+00 4.411598194402689188e+00 3.440219999902183190e-03
1.832595714594046354e+00 4.545282988172467675e+00 2.960649999295128509e-03
1.832595714594046354e+00 4.678967781942246162e+00 3.142229998047696427e-03
1.832595714594046354e+00 4.812652575712024650e+00 4.594119996909284964e-03
1.832595714594046354e+00 4.946337369481803137e+00 7.708799997999449261e-03
1.832595714594046354e+00 5.080022163251581624e+00 1.167038999847136438e-02
1.832595714594046354e+00 5.213706957021360111e+00 1.435145999857923016e-02
1.832595714594046354e+00 5.347391750791138598e+00 1.365175999853818212e-02
1.832595714594046354e+00 5.481076544560917085e+00 1.039112999933422543e-02
1.832595714594046354e+00 5.614761338330695573e+00 6.633660001170937903e-03
1.832595714594046354e+00 5.748446132100474060e+00 4.042069998831721023e-03
1.832595714594046354e+00 5.882130925870252547e+00 2.922929998021572828e-03
1.832595714594046354e+00 6.015815719640031034e+00 3.368759998920722865e-03
1.832595714594046354e+00 6.149500513409809521e+00 5.403289998866966926e-03
1.963495408493621142e+00 0.000000000000000000e+00 8.800080000582966022e-03
1.963495408493621142e+00 1.396263401595463638e-01 1.245148999987577554e-02
1.963495408493621142e+00 2.792526803190927276e-01 1.402028999837057199e-02
1.963495408493621142e+00 4.188790204786391191e-01 1.234630999897490256e-02
1.963495408493621142e+00 5.585053606381854552e-01 8.825440001601236872e-03
1.963495408493621142e+00 6.981317007977317912e-01 5.412569998952676542e-03
1.963495408493621142e+00 8.377580409572781273e-01 3.104289999100728892e-03
1.963495408493621142e+00 9.773843811168244633e-01 1.943790000950684771e-03
1.963495408493621142e+00 1.117010721276370910e+00 1.615299999684793875e-03
1.963495408493621142e+00 1.256637061435917246e+00 1.709279998976853676e-03
1.963495408493621142e+00 1.396263401595463582e+00 2.067069999611703679e-03
1.963495408493621142e+00 1.535889741755009918e+00 2.461099998981808312e-03
1.963495408493621142e+00 1.675516081914556255e+00 2.798999998049112037e-03
1.963495408493621142e+00 1.815142422074102591e+00 3.145950000543962233e-03
1.963495408493621142e+00 1.954768762233648927e+00 3.564359998563304543e-03
1.963495408493621142e+00 2.094395102393195263e+00 4.121369998756563291e-03
1.963495408493621142e+00 2.234021442552741821e+00 4.582380001011188142e-03
1.963495408493621142e+00 2.373647782712288379e+00 4.700049998064059764e-03
1.963495408493621142e+00 2.513274122871834937e+00 4.342779999205959029e-03
1.963495408493621142e+00 2.652900463031381495e+00 3.657229999589617364e-03
1.963495408493621142e+00 2.792526803190928053e+00 3.041379999558557756e-03
1.963495408493621142e+00 2.932153143350474611e+00 3.063249998376704752e-03
1.963495408493621142e+00 3.071779483510021169e+00 4.369779999251477420e-03
1.963495408493621142e+00 3.211405823669567727e+00 7.427889999235048890e-03
1.963495408493621142e+00 3.351032163829114285e+00 1.149632999840832781e-02
1.963495408493621142e+00 3.490658503988660843e+00 1.434323999819753226e-02
1.963495408493621142e+00 3.630284844148207402e+00 1.367139999820210505e-02
1.963495408493621142e+00 3.769911184307753960e+00 1.030051999805436935e-02
1.963495408493621142e+00 3.909537524467300518e+00 6.477099999756319448e-03
1.963495408493621142e+00 4.049163864626846632e+00 3.915409999535768293e-03
1.963495408493621142e+00 4.188790204786393190e+00 2.904349998061661609e-03
1.963495408493621142e+00 4.328416544945939748e+00 3.558739999789395370e-03
1.963495408493621142e+00 4.468042885105486306e+00 5.867859998033964075e-03
1.963495408493621142e+00 4.607669225265032864e+00 9.406309998666984029e-03
1.963495408493621142e+00 4.747295565424579422e+00 1.289803999861760531e-02
1.963495408493621142e+00 4.886921905584125980e+00 1.396044999819423538e-02
1.963495408493621142e+00 5.026548245743672538e+00 1.185798999904363882e-02
1.963495408493621142e+00 5.166174585903219096e+00 8.243030000812723301e-03
1.963495408493621142e+00 5.305800926062765654e+00 4.962059998433687724e-03
1.963495408493621142e+00 5.445427266222312213e+00 2.858329999071429484e-03
1.963495408493621142e+00 5.585053606381858771e+00 1.841739998781122267e-03
1.963495408493621142e+00 5.724679946541405329e+00 1.612289999684435315e-03
1.963495408493621142e+00 5.864306286700951887e+00 1.743359998727100901e-03
1.963495408493621142e+00 6.003932626860498445e+00 2.146489998267497867e-03
1.963495408493621142e+00 6.143558967020045003e+00 2.513539999199565500e-03
2.094395102393195707e+00 0.000000000000000000e+00 2.856159999282681383e-03
2.094395102393195707e+00 1.495996501709425386e-01 3.236989998185890727e-03
2.094395102393195707e+00 2.991993003418850772e-01 3.774079998038359918e-03
2.094395102393195707e+00 4.487989505128275880e-01 4.460829999516136013e-03
2.094395102393195707e+00 5.983986006837701543e-01 4.968880000888020732e-03
2.094395102393195707e+00 7.479982508547127207e-01 4.982149999705143273e-03
2.094395102393195707e+00 8.975979010256552870e-01 4.406149999340414070e-03
2.094395102393195707e+00 1.047197551196597853e+00 3.566759998648194596e-03
2.094395102393195707e+00 1.196797201367540309e+00 2.971269999761716463e-03
2.094395102393195707e+00 1.346396851538482764e+00 3.338010001243674196e-03
2.094395102393195707e+00 1.495996501709425219e+00 5.235449998508556746e-03
2.094395102393195707e+00 1.645596151880367675e+00 8.547509998606983572e-03
2.094395102393195707e+00 1.795195802051310130e+00 1.170242999978654552e-02
2.094395102393195707e+00 1.944795452222252585e+00 1.229633999901125208e-02
2.094395102393195707e+00 2.094395102393195263e+00 9.960630000932724215e-03
2.094395102393195707e+00 2.243994752564137940e+00 6.625369998801033944e-03
2.094395102393195707e+00 2.393594402735080617e+00 4.085529999429127201e-03
2.094395102393195707e+00 2.543194052906023295e+00 3.019049998329137452e-03
2.094395102393195707e+00 2.692793703076965972e+00 3.669019999506417662e-03
2.094395102393195707e+00 2.842393353247908649e+00 6.104719999711960554e-03
2.094395102393195707e+00 2.991993003418851327e+00 9.902870000587427057e-03
2.094395102393195707e+00 3.141592653589794004e+00 1.354203999835590366e-02
2.094395102393195707e+00 3.291192303760736682e+00 1.433140999870374799e-02
2.094395102393195707e+00 3.440791953931679359e+00 1.170691999868722633e-02
2.094395102393195707e+00 3.590391604102622036e+00 7.770679998429841362e-03
2.094395102393195707e+00 3.739991254273564714e+00 4.480819998207152821e-03
2.094395102393195707e+00 3.889590904444507391e+00 2.550169998357887380e-03
2.094395102393195707e+00 4.039190554615450068e+00 1.711239998257951811e-03
2.094395102393195707e+00 4.188790204786392302e+00 1.626870000109192915e-03
2.094395102393195707e+00 4.338389854957334535e+00 1.847900000939262100e-03
2.094395102393195707e+00 4.487989505128276768e+00 2.306289998159627430e-03
2.094395102393195707e+00 4.637589155299219001e+00 2.642419998664990999e-03
2.094395102393195707e+00 4.787188805470161235e+00 2.997500001583830453e-03
2.094395102393195707e+00 4.936788455641103468e+00 3.416449999349424616e-03
2.094395102393195707e+00 5.086388105812045701e+00 4.031219998068991117e-03
2.094395102393195707e+00 5.235987755982987935e+00 4.686120000769733451e-03
2.094395102393195707e+00 5.385587406153930168e+00 5.037989998527336866e-03
2.094395102393195707e+00 5.535187056324872401e+00 4.823289998967084102e-03
2.094395102393195707e+00 5.684786706495814634e+00 4.091429998879902996e-03
2.094395102393195707e+00 5.834386356666756868e+00 3.277320000051986426e-03
2.094395102393195707e+00 5.983986006837699101e+00 2.964999999676365405e-03
2.094395102393195707e+00 6.133585657008641334e+00 3.861709998091100715e-03
2.225294796292770272e+00 0.000000000000000000e+00 6.424969998988672160e-03
2.225294796292770272e+00 1.611073155687073322e-01 9.874329998638131656e-03
2.225294796292770272e+00 3.222146311374146643e-01 1.183298999967519194e-02
2.225294796292770272e+00 4.833219467061219965e-01 1.054374999876017682e-02
2.225294796292770272e+00 6.444292622748293287e-01 7.375289998890366405e-03
2.225294796292770272e+00 8.055365778435366053e-01 4.516540000622626394e-03
2.225294796292770272e+00 9.666438934122438820e-01 3.074929998547304422e-03
2.225294796292770272e+00 1.127751208980951159e+00 3.473939998002606444e-03
2.225294796292770272e+00 1.288858524549658435e+00 5.959539998002583161e-03
2.225294796292770272e+00 1.449965840118365712e+00 1.041489999988698401e-02
2.225294796292770272e+00 1.611073155687072989e+00 1.515952999943692703e-02
2.225294796292770272e+00 1.772180471255780265e+00 1.663616999940131791e-02
2.225294796292770272e+00 1.933287786824487542e+00 1.351871999941067770e-02
2.225294796292770272e+00 2.094395102393194819e+00 8.689199998116237111e-03
2.225294796292770272e+00 2.255502417961902317e+00 4.788799999005277641e-03
2.225294796292770272e+00 2.416609733530609816e+00 2.582649998657871038e-03
2.225294796292770272e+00 2.577717049099317315e+00 1.637799998206901364e-03
2.225294796292770272e+00 2.738824364668024813e+00 1.504139998360187747e-03
2.225294796292770272e+00 2.899931680236732312e+00 1.702470000964240171e-03
2.225294796292770272e+00 3.061038995805439811e+00 2.141989998563076369e-03
2.225294796292770272e+00 3.222146311374147309e+00 2.596419999463250861e-03
2.225294796292770272e+00 3.383253626942854808e+00 3.084889998717699200e-03
2.225294796292770272e+00 3.544360942511562307e+00 3.693169999678502791e-03
2.225294796292770272e+00 3.705468258080269806e+00 4.406149999340414070e-03
2.225294796292770272e+00 3.866575573648977304e+00 4.946119997839559801e-03
2.225294796292770272e+00 4.027682889217684803e+00 4.962510000041220337e-03
2.225294796292770272e+00 4.188790204786392302e+00 4.384339999887743033e-03
2.225294796292770272e+00 4.349897520355099800e+00 3.533449998940341175e-03
2.225294796292770272e+00 4.511004835923807299e+00 2.956939999421592802e-03
2.225294796292770272e+00 4.672112151492514798e+00 3.440759999648435041e-03
2.225294796292770272e+00 4.833219467061222296e+00 5.550019999645883217e-03
2.225294796292770272e+00 4.994326782629929795e+00 8.936049998737871647e-03
2.225294796292770272e+00 5.155434098198637294e+00 1.158939999913854990e-02
2.225294796292770272e+00 5.316541413767344793e+00 1.119514999845705461e-02
2.225294796292770272e+00 5.477648729336052291e+00 8.311679999678744934e-03
2.225294796292770272e+00 5.638756044904759790e+00 5.203309998250915669e-03
2.225294796292770272e+00 5.799863360473467289e+00 3.311359998406260274e-03
2.225294796292770272e+00 5.960970676042174787e+00 3.157749999445513822e-03
2.225294796292770272e+00 6.122077991610882286e+00 5.040969999754452147e-03
2.356194490192344837e+00 0.000000000000000000e+00 9.588529999746242538e-03
2.356194490192344837e+00 1.847995678582231294e-01 1.535593999869888648e-02
2.356194490192344837e+00 3.695991357164462587e-01 1.784664999831875321e-02
2.356194490192344837e+00 5.543987035746693603e-01 1.445384999897214584e-02
2.356194490192344837e+00 7.391982714328925175e-01 8.880939998562098481e-03
2.356194490192344837e+00 9.239978392911156746e-01 4.629369999747723341e-03
2.356194490192344837e+00 1.108797407149338721e+00 2.337170000828336924e-03
2.356194490192344837e+00 1.293596975007561767e+00 1.489560001573408954e-03
2.356194490192344837e+00 1.478396542865784813e+00 1.322889998846221715e-03
2.356194490192344837e+00 1.663196110724007859e+00 1.562479998028720729e-03
2.356194490192344837e+00 1.847995678582230905e+00 2.207599998655496165e-03
2.356194490192344837e+00 2.032795246440453951e+00 3.176819998770952225e-03
2.356194490192344837e+00 2.217594814298676997e+00 4.455279999092454091e-03
2.356194490192344837e+00 2.402394382156900043e+00 5.679529998815269209e-03
2.356194490192344837e+00 2.587193950015123090e+00 6.386619998011155985e-03
2.356194490192344837e+00 2.771993517873346136e+00 5.928899998252745718e-03
2.356194490192344837e+00 2.956793085731569182e+00 4.725209999378421344e-03
2.356194490192344837e+00 3.141592653589792228e+00 3.422169998884783126e-03
2.356194490192344837e+00 3.326392221448015274e+00 2.954319998025312088e-03
2.356194490192344837e+00 3.511191789306238320e+00 4.242679999151732773e-03
2.356194490192344837e+00 3.695991357164461366e+00 7.510499999625608325e-03
2.356194490192344837e+00 3.880790925022684412e+00 1.110893999975814950e-02
2.356194490192344837e+00 4.065590492880907902e+00 1.173929000105999876e-02
2.356194490192344837e+00 4.250390060739131393e+00 8.876099998815334402e-03
2.356194490192344837e+00 4.435189628597354883e+00 5.372129999159369618e-03
2.356194490192344837e+00 4.619989196455578373e+00 3.289040001618559472e-03
2.356194490192344837e+00 4.804788764313801863e+00 3.338420001455233432e-03
2.356194490192344837e+00 4.989588332172025353e+00 5.908439998165704310e-03
2.356194490192344837e+00 5.174387900030248844e+00 1.099160999910964165e-02
2.356194490192344837e+00 5.359187467888472334e+00 1.645465999899897724e-02
2.356194490192344837e+00 5.543987035746695824e+00 1.750010999967344105e-02
2.356194490192344837e+00 5.728786603604919314e+00 1.311578999957419001e-02
2.356194490192344837e+00 5.913586171463142804e+00 7.656020001377328299e-03
2.356194490192344837e+00 6.098385739321366295e+00 3.920089999155607074e-03
2.487094184091919402e+00 0.000000000000000000e+00 1.959919998625991866e-03
2.487094184091919402e+00 2.094395102393195318e-01 1.376379999783239327e-03
2.487094184091919402e+00 4.188790204786390636e-01 1.383379998515010811e-03
2.487094184091919402e+00 6.283185307179586232e-01 1.931729999341769144e-03
2.487094184091919402e+00 8.377580409572781273e-01 3.084559999479097314e-03
2.487094184091919402e+00 1.047197551196597631e+00 4.874099999142345041e-03
2.487094184091919402e+00 1.256637061435917246e+00 6.935800000064773485e-03
2.487094184091919402e+00 1.466076571675236861e+00 8.218549999583046883e-03
2.487094184091919402e+00 1.675516081914556477e+00 7.539499998529208824e-03
2.487094184091919402e+00 1.884955592153876092e+00 5.533609999474720098e-03
2.487094184091919402e+00 2.094395102393195707e+00 3.556289999323780648e-03
2.487094184091919402e+00 2.303834612632515100e+00 2.959329998702742159e-03
2.487094184091919402e+00 2.513274122871834493e+00 4.458250001334818080e-03
2.487094184091919402e+00 2.722713633111153886e+00 7.679010001083952375e-03
2.487094184091919402e+00 2.932153143350473279e+00 9.878559998469427228e-03
2.487094184091919402e+00 3.141592653589792672e+00 8.607969999502529390e-03
2.487094184091919402e+00 3.351032163829112065e+00 5.597309998847777024e-03
2.487094184091919402e+00 3.560471674068431458e+00 3.438339999775053002e-03
2.487094184091919402e+00 3.769911184307750851e+00 3.516549999403650872e-03
2.487094184091919402e+00 3.979350694547070244e+00 6.417619999410817400e-03
2.487094184091919402e+00 4.188790204786389637e+00 1.202945999830262735e-02
2.487094184091919402e+00 4.398229715025709474e+00 1.704775999860430602e-02
2.487094184091919402e+00 4.607669225265029311e+00 1.608029999806603882e-02
2.487094184091919402e+00 4.817108735504349148e+00 1.052438000078836922e-02
2.487094184091919402e+00 5.026548245743668986e+00 5.447099998491466977e-03
2.487094184091919402e+00 5.235987755982988823e+00 2.617679998365929350e-03
2.487094184091919402e+00 5.445427266222308660e+00 1.532899999801884405e-03
2.487094184091919402e+00 5.654866776461628497e+00 1.310779998675570823e-03
2.487094184091919402e+00 5.864306286700948334e+00 1.611529998626792803e-03
2.487094184091919402e+00 6.073745796940268171e+00 2.492949999577831477e-03
2.617993877991493967e+00 0.000000000000000000e+00 4.361569999673520215e-03
2.617993877991493967e+00 2.513274122871834715e-01 7.193339999503223225e-03
2.617993877991493967e+00 5.026548245743669430e-01 9.489370000665076077e-03
2.617993877991493967e+00 7.539822368615504145e-01 8.952240001235622913e-03
2.617993877991493967e+00 1.005309649148733886e+00 6.121289998191059567e-03
2.617993877991493967e+00 1.256637061435917246e+00 3.556640000169863924e-03
2.617993877991493967e+00 1.507964473723100607e+00 2.936879998742369935e-03
2.617993877991493967e+00 1.759291886010283967e+00 4.456499998923391104e-03
2.617993877991493967e+00 2.010619298297467328e+00 6.102919998738798313e-03
2.617993877991493967e+00 2.261946710584650688e+00 5.685079999238951132e-03
2.617993877991493967e+00 2.513274122871834049e+00 4.004469998108106665e-03
2.617993877991493967e+00 2.764601535159017409e+00 3.311950000352226198e-03
2.617993877991493967e+00 3.015928947446200770e+00 5.454839998492388986e-03
2.617993877991493967e+00 3.267256359733384130e+00 1.154186999883677345e-02
2.617993877991493967e+00 3.518583772020567491e+00 1.810603999911108986e-02
2.617993877991493967e+00 3.769911184307750851e+00 1.679417999912402593e-02
2.617993877991493967e+00 4.021238596594934656e+00 9.822929998335894197e-03
2.617993877991493967e+00 4.272566008882118460e+00 4.423139998834813014e-03
2.617993877991493967e+00 4.523893421169302265e+00 1.994479998757014982e-03
2.617993877991493967e+00 4.775220833456486069e+00 1.344739999694866128e-03
2.617993877991493967e+00 5.026548245743669874e+00 1.425350001227343455e-03
2.617993877991493967e+00 5.277875658030853678e+00 2.243309998448239639e-03
2.617993877991493967e+00 5.529203070318037483e+00 3.927249998014303856e-03
2.617993877991493967e+00 5.780530482605221287e+00 6.648559998211567290e-03
2.617993877991493967e+00 6.031857894892405092e+00 9.218979999786824919e-03
2.748893571891068532e+00 0.000000000000000000e+00 9.473250000155530870e-03
2.748893571891068532e+00 3.306939635357676877e-01 6.057889999283361249e-03
2.748893571891068532e+00 6.613879270715353753e-01 3.214099999240715988e-03
2.748893571891068532e+00 9.920818906073030075e-01 2.927139998064376414e-03
2.748893571891068532e+00 1.322775854143070751e+00 3.595679998397827148e-03
2.748893571891068532e+00 1.653469817678838494e+00 3.326469999592518434e-03
2.748893571891068532e+00 1.984163781214606237e+00 3.176729998813243583e-03
2.748893571891068532e+00 2.314857744750373758e+00 6.378309999490738846e-03
2.748893571891068532e+00 2.645551708286141501e+00 1.597817999936523847e-02
2.748893571891068532e+00 2.976245671821909244e+00 2.155901999867637642e-02
2.748893571891068532e+00 3.306939635357676988e+00 1.255795999895781279e-02
2.748893571891068532e+00 3.637633598893444731e+00 4.594959998939884827e-03
2.748893571891068532e+00 3.968327562429212474e+00 1.802939998015062883e-03
2.748893571891068532e+00 4.299021525964979773e+00 1.224269997692317702e-03
2.748893571891068532e+00 4.629715489500747516e+00 1.768140000422135927e-03
2.748893571891068532e+00 4.960409453036515259e+00 3.654649999589310028e-03
2.748893571891068532e+00 5.291103416572283002e+00 6.947509999008616433e-03
2.748893571891068532e+00 5.621797380108050746e+00 9.846119999565416947e-03
2.748893571891068532e+00 5.952491343643818489e+00 8.562739998524193652e-03
2.879793265790643098e+00 0.000000000000000000e+00 4.234879999785334803e-03
2.879793265790643098e+00 4.833219467061219965e-01 2.592229999208939262e-03
2.879793265790643098e+00 9.666438934122439930e-01 2.608120001241331920e-03
2.879793265790643098e+00 1.449965840118365934e+00 3.111480000370647758e-03
2.879793265790643098e+00 1.933287786824487986e+00 1.025196999944455456e-02
2.879793265790643098e+00 2.416609733530609816e+00 2.127176000067265704e-02
2.879793265790643098e+00 2.899931680236731868e+00 9.267439998438931070e-03
2.879793265790643098e+00 3.383253626942853920e+00 2.436709999528829940e-03
2.879793265790643098e+00 3.866575573648975972e+00 1.253179998457198963e-03
2.879793265790643098e+00 4.349897520355098024e+00 2.349759999560774304e-03
2.879793265790643098e+00 4.833219467061219632e+00 6.230639999557752162e-03
2.879793265790643098e+00 5.316541413767341240e+00 9.606629999325377867e-03
2.879793265790643098e+00 5.799863360473462848e+00 6.618289999096305110e-03
3.010692959690217663e+00 0.000000000000000000e+00 2.500909999071154743e-03
3.010692959690217663e+00 8.975979010256551760e-01 3.101179998338920996e-03
3.010692959690217663e+00 1.795195802051310352e+00 1.467168999806744978e-02
3.010692959690217663e+00 2.692793703076965528e+00 3.044529998078360222e-03
3.010692959690217663e+00 3.590391604102620704e+00 1.588379998793243431e-03
3.010692959690217663e+00 4.487989505128275880e+00 7.523450000007869676e-03
3.010692959690217663e+00 5.385587406153931056e+00 6.154030001198407263e-03
3.141592653589792228e+00 0.000000000000000000e+00 4.423099999257829040e-03
