0.000000000000000000e+00 0.000000000000000000e+00 0.000000000000000000e+00
1.308996938995747039e-01 0.000000000000000000e+00 1.244664000114426017e-02
1.308996938995747039e-01 8.975979010256551760e-01 1.661244999922928400e-02
1.308996938995747039e-01 1.795195802051310352e+00 9.143400000539259054e-03
1.308996938995747039e-01 2.692793703076965528e+00 1.405158999841660261e-02
1.308996938995747039e-01 3.590391604102620704e+00 1.496499999848310836e-02
1.308996938995747039e-01 4.487989505128275880e+00 1.098795999860158190e-02
1.308996938995747039e-01 5.385587406153931056e+00 1.472720001402194612e-03
2.617993877991494078e-01 0.000000000000000000e+00 9.006649999719229527e-03
2.617993877991494078e-01 4.833219467061219965e-01 1.381938999838894233e-02
2.617993877991494078e-01 9.666438934122439930e-01 1.382397999987006187e-02
2.617993877991494078e-01 1.449965840118365934e+00 1.744856000186700840e-02
2.617993877991494078e-01 1.933287786824487986e+00 1.077626999904168770e-02
2.617993877991494078e-01 2.416609733530609816e+00 1.160733999859075993e-02
2.617993877991494078e-01 2.899931680236731868e+00 1.365101999908802100e-02
2.617993877991494078e-01 3.383253626942853920e+00 1.775845999873126857e-02
2.617993877991494078e-01 3.866575573648975972e+00 1.627166999969631433e-02
2.617993877991494078e-01 4.349897520355098024e+00 2.116174000184400938e-02
2.617993877991494078e-01 4.833219467061219632e+00 8.226949999880162068e-03
2.617993877991494078e-01 5.316541413767341240e+00 1.555289998577791266e-03
2.617993877991494078e-01 5.799863360473462848e+00 3.635729999587056227e-03
3.926990816987241395e-01 0.000000000000000000e+00 1.100410999970335979e-02
3.926990816987241395e-01 3.306939635357676877e-01 1.508302999900479335e-02
3.926990816987241395e-01 6.613879270715353753e-01 1.331247999951301608e-02
3.926990816987241395e-01 9.920818906073030075e-01 1.588025999990350101e-02
3.926990816987241395e-01 1.322775854143070751e+00 1.752599999963422306e-02
3.926990816987241395e-01 1.653469817678838494e+00 1.224246000128914602e-02
3.926990816987241395e-01 1.984163781214606237e+00 9.122379999098484404e-03
3.926990816987241395e-01 2.314857744750373758e+00 1.209079999898676760e-02
3.926990816987241395e-01 2.645551708286141501e+00 1.180383999962941743e-02
3.926990816987241395e-01 2.976245671821909244e+00 1.527181999881577212e-02
3.926990816987241395e-01 3.306939635357676988e+00 1.705650999974750448e-02
3.926990816987241395e-01 3.637633598893444731e+00 1.621988999977475032e-02
3.926990816987241395e-01 3.968327562429212474e+00 2.161393999995198101e-02
3.926990816987241395e-01 4.299021525964979773e+00 1.850951999949757010e-02
3.926990816987241395e-01 4.629715489500747516e+00 7.189559999460470863e-03
3.926990816987241395e-01 4.960409453036515259e+00 2.059230000668321736e-03
3.926990816987241395e-01 5.291103416572283002e+00 1.312669999606441706e-03
3.926990816987241395e-01 5.621797380108050746e+00 5.710099998395889997e-03
3.926990816987241395e-01 5.952491343643818489e+00 1.315575999979046173e-02
5.235987755982988157e-01 0.000000000000000000e+00 1.538602999971772078e-02
5.235987755982988157e-01 2.513274122871834715e-01 1.379728999927465338e-02
5.235987755982988157e-01 5.026548245743669430e-01 1.473129999976663385e-02
5.235987755982988157e-01 7.539822368615504145e-01 1.774110000042128377e-02
5.235987755982988157e-01 1.005309649148733886e+00 1.574955999967642128e-02
5.235987755982988157e-01 1.256637061435917246e+00 1.029367999944952317e-02
5.235987755982988157e-01 1.507964473723100607e+00 7.316870000067865476e-03
5.235987755982988157e-01 1.759291886010283967e+00 9.069929999895975925e-03
5.235987755982988157e-01 2.010619298297467328e+00 1.027504000012413599e-02
5.235987755982988157e-01 2.261946710584650688e+00 1.017863999913970474e-02
5.235987755982988157e-01 2.513274122871834049e+00 1.400991999980760738e-02
5.235987755982988157e-01 2.764601535159017409e+00 1.652046999879530631e-02
5.235987755982988157e-01 3.015928947446200770e+00 1.568951999979617540e-02
5.235987755982988157e-01 3.267256359733384130e+00 1.825939999980619177e-02
5.235987755982988157e-01 3.518583772020567491e+00 2.289044000099238474e-02
5.235987755982988157e-01 3.769911184307750851e+00 1.823783000145340338e-02
5.235987755982988157e-01 4.021238596594934656e+00 8.446269999694777653e-03
5.235987755982988157e-01 4.272566008882118460e+00 3.118679998806328513e-03
5.235987755982988157e-01 4.523893421169302265e+00 1.236909998624469154e-03
5.235987755982988157e-01 4.775220833456486069e+00 1.815459998397273012e-03
5.235987755982988157e-01 5.026548245743669874e+00 5.995980000079725869e-03
5.235987755982988157e-01 5.277875658030853678e+00 1.219569999921077397e-02
5.235987755982988157e-01 5.529203070318037483e+00 1.540686999942408875e-02
5.235987755982988157e-01 5.780530482605221287e+00 1.407511000070371665e-02
5.235987755982988157e-01 6.031857894892405092e+00 1.425636999920243397e-02
6.544984694978734918e-01 0.000000000000000000e+00 1.693633000104455277e-02
6.544984694978734918e-01 2.094395102393195318e-01 1.722610999968310352e-02
6.544984694978734918e-01 4.188790204786390636e-01 1.300755000011122320e-02
6.544984694978734918e-01 6.283185307179586232e-01 8.130539999910979532e-03
6.544984694978734918e-01 8.377580409572781273e-01 6.300790000750566833e-03
6.544984694978734918e-01 1.047197551196597631e+00 7.441189998644404113e-03
6.544984694978734918e-01 1.256637061435917246e+00 8.030749999306863174e-03
6.544984694978734918e-01 1.466076571675236861e+00 7.970009999553440139e-03
6.544984694978734918e-01 1.675516081914556477e+00 1.093980999939958565e-02
6.544984694978734918e-01 1.884955592153876092e+00 1.506028999938280322e-02
6.544984694978734918e-01 2.094395102393195707e+00 1.604480999958468601e-02
6.544984694978734918e-01 2.303834612632515100e+00 1.598107999961939640e-02
6.544984694978734918e-01 2.513274122871834493e+00 1.881641999898420181e-02
6.544984694978734918e-01 2.722713633111153886e+00 2.234913999927812256e-02
6.544984694978734918e-01 2.932153143350473279e+00 1.905704999990120996e-02
6.544984694978734918e-01 3.141592653589792672e+00 1.050614999985555187e-02
6.544984694978734918e-01 3.351032163829112065e+00 4.429240001627476886e-03
6.544984694978734918e-01 3.560471674068431458e+00 2.041050000116229057e-03
6.544984694978734918e-01 3.769911184307750851e+00 1.266779998331912793e-03
6.544984694978734918e-01 3.979350694547070244e+00 2.623020000100950710e-03
6.544984694978734918e-01 4.188790204786389637e+00 6.564509998497669585e-03
6.544984694978734918e-01 4.398229715025709474e+00 1.161103999947954435e-02
6.544984694978734918e-01 4.607669225265029311e+00 1.467520999904081691e-02
6.544984694978734918e-01 4.817108735504349148e+00 1.430301999971561600e-02
6.544984694978734918e-01 5.026548245743668986e+00 1.362918999984685797e-02
6.544984694978734918e-01 5.235987755982988823e+00 1.564251999843691010e-02
6.544984694978734918e-01 5.445427266222308660e+00 1.776044999860459939e-02
6.544984694978734918e-01 5.654866776461628497e+00 1.525571999991370831e-02
6.544984694978734918e-01 5.864306286700948334e+00 1.013750999845797196e-02
6.544984694978734918e-01 6.073745796940268171e+00 6.671799999821814708e-03
7.853981633974481680e-01 0.000000000000000000e+00 6.504440001663169824e-03
7.853981633974481680e-01 1.847995678582231294e-01 7.574119999844697304e-03
7.853981633974481680e-01 3.695991357164462587e-01 7.246699999086558819e-03
7.853981633974481680e-01 5.543987035746693603e-01 7.521929999711574055e-03
7.853981633974481680e-01 7.391982714328925175e-01 1.067083999987517018e-02
7.853981633974481680e-01 9.239978392911156746e-01 1.439264000146067701e-02
7.853981633974481680e-01 1.108797407149338721e+00 1.572372999908111524e-02
7.853981633974481680e-01 1.293596975007561767e+00 1.602930999979435001e-02
7.853981633974481680e-01 1.478396542865784813e+00 1.813136999953712802e-02
7.853981633974481680e-01 1.663196110724007859e+00 2.116100999955961015e-02
7.853981633974481680e-01 1.847995678582230905e+00 2.027444999839644879e-02
7.853981633974481680e-01 2.032795246440453951e+00 1.380002000041713472e-02
7.853981633974481680e-01 2.217594814298676997e+00 6.988549999732640572e-03
7.853981633974481680e-01 2.402394382156900043e+00 3.329079998366069049e-03
7.853981633974481680e-01 2.587193950015123090e+00 2.118149999660090543e-03
7.853981633974481680e-01 2.771993517873346136e+00 2.226380000138306059e-03
7.853981633974481680e-01 2.956793085731569182e+00 3.701899999214219861e-03
7.853981633974481680e-01 3.141592653589792228e+00 6.905830001414869912e-03
7.853981633974481680e-01 3.326392221448015274e+00 1.090196999939507805e-02
7.853981633974481680e-01 3.511191789306238320e+00 1.359095999941928312e-02
7.853981633974481680e-01 3.695991357164461366e+00 1.389292000021669082e-02
7.853981633974481680e-01 3.880790925022684412e+00 1.353925000148592517e-02
7.853981633974481680e-01 4.065590492880907902e+00 1.508893999925930984e-02
7.853981633974481680e-01 4.250390060739131393e+00 1.766400999986217357e-02
7.853981633974481680e-01 4.435189628597354883e+00 1.750252999954682309e-02
7.853981633974481680e-01 4.619989196455578373e+00 1.353940999979386106e-02
7.853981633974481680e-01 4.804788764313801863e+00 8.771939999860478565e-03
7.853981633974481680e-01 4.989588332172025353e+00 6.371969999236171134e-03
7.853981633974481680e-01 5.174387900030248844e+00 6.782019998354371637e-03
7.853981633974481680e-01 5.359187467888472334e+00 7.623159999639028683e-03
7.853981633974481680e-01 5.543987035746695824e+00 7.135809999454068020e-03
7.853981633974481680e-01 5.728786603604919314e+00 8.031230001506628469e-03
7.853981633974481680e-01 5.913586171463142804e+00 1.166267000007792376e-02
7.853981633974481680e-01 6.098385739321366295e+00 1.495327999873552471e-02
9.162978572970228441e-01 0.000000000000000000e+00 1.565395999932661653e-02
9.162978572970228441e-01 1.611073155687073322e-01 1.608960999874398112e-02
9.162978572970228441e-01 3.222146311374146643e-01 1.820825000140757766e-02
9.162978572970228441e-01 4.833219467061219965e-01 2.090700999906403013e-02
9.162978572970228441e-01 6.444292622748293287e-01 2.038665999862132594e-02
9.162978572970228441e-01 8.055365778435366053e-01 1.533066000047256239e-02
9.162978572970228441e-01 9.666438934122438820e-01 8.996619999379618093e-03
9.162978572970228441e-01 1.127751208980951159e+00 4.845509998631314375e-03
9.162978572970228441e-01 1.288858524549658435e+00 3.366009999808738939e-03
9.162978572970228441e-01 1.449965840118365712e+00 3.629389999332488514e-03
9.162978572970228441e-01 1.611073155687072989e+00 4.619109999111969955e-03
9.162978572970228441e-01 1.772180471255780265e+00 6.009579999954439700e-03
9.162978572970228441e-01 1.933287786824487542e+00 8.596570000008796342e-03
9.162978572970228441e-01 2.094395102393194819e+00 1.167685999826062471e-02
9.162978572970228441e-01 2.255502417961902317e+00 1.381961999868508428e-02
9.162978572970228441e-01 2.416609733530609816e+00 1.416691999838803895e-02
9.162978572970228441e-01 2.577717049099317315e+00 1.408953999998630024e-02
9.162978572970228441e-01 2.738824364668024813e+00 1.559747999999672174e-02
9.162978572970228441e-01 2.899931680236732312e+00 1.843529000143462326e-02
9.162978572970228441e-01 3.061038995805439811e+00 1.962940999874263071e-02
9.162978572970228441e-01 3.222146311374147309e+00 1.687800000036077108e-02
9.162978572970228441e-01 3.383253626942854808e+00 1.194185999884211924e-02
9.162978572970228441e-01 3.544360942511562307e+00 7.751870001811766997e-03
9.162978572970228441e-01 3.705468258080269806e+00 6.130559999292017892e-03
9.162978572970228441e-01 3.866575573648977304e+00 6.859809998786658980e-03
9.162978572970228441e-01 4.027682889217684803e+00 7.731079998848144896e-03
9.162978572970228441e-01 4.188790204786392302e+00 7.459970001946203411e-03
9.162978572970228441e-01 4.349897520355099800e+00 8.157209998898906633e-03
9.162978572970228441e-01 4.511004835923807299e+00 1.118734999909065664e-02
9.162978572970228441e-01 4.672112151492514798e+00 1.440471999922010582e-02
9.162978572970228441e-01 4.833219467061222296e+00 1.559461999931954779e-02
9.162978572970228441e-01 4.994326782629929795e+00 1.585921999867423438e-02
9.162978572970228441e-01 5.155434098198637294e+00 1.739592000012635253e-02
9.162978572970228441e-01 5.316541413767344793e+00 2.030668999941553921e-02
9.162978572970228441e-01 5.477648729336052291e+00 2.098888000000442844e-02
9.162978572970228441e-01 5.638756044904759790e+00 1.709413999924436212e-02
9.162978572970228441e-01 5.799863360473467289e+00 1.064947999839205295e-02
9.162978572970228441e-01 5.960970676042174787e+00 5.736170000091078691e-03
9.162978572970228441e-01 6.122077991610882286e+00 3.553959999408107251e-03
1.047197551196597631e+00 0.000000000000000000e+00 3.485769999315380119e-03
1.047197551196597631e+00 1.495996501709425386e-01 4.402380000101402402e-03
1.047197551196597631e+00 2.991993003418850772e-01 5.577970001468202099e-03
1.047197551196597631e+00 4.487989505128275880e-01 7.650000001376611181e-03
1.047197551196597631e+00 5.983986006837701543e-01 1.064455999949132092e-02
1.047197551196597631e+00 7.479982508547127207e-01 1.350619000004371628e-02
1.047197551196597631e+00 8.975979010256552870e-01 1.485204999880807009e-02
1.047197551196597631e+00 1.047197551196597853e+00 1.466489999984332826e-02
1.047197551196597631e+00 1.196797201367540309e+00 1.477208999858703464e-02
1.047197551196597631e+00 1.346396851538482764e+00 1.676575999954366125e-02
1.047197551196597631e+00 1.495996501709425219e+00 1.951658999860228505e-02
1.047197551196597631e+00 1.645596151880367675e+00 1.989771999978984240e-02
1.047197551196597631e+00 1.795195802051310130e+00 1.632828999936464243e-02
1.047197551196597631e+00 1.944795452222252585e+00 1.105665999966731761e-02
1.047197551196597631e+00 2.094395102393195263e+00 7.081729998390073888e-03
1.047197551196597631e+00 2.243994752564137940e+00 5.437230000097770244e-03
1.047197551196597631e+00 2.393594402735080617e+00 5.817349998324061744e-03
1.047197551196597631e+00 2.543194052906023295e+00 6.605159998798626475e-03
1.047197551196597631e+00 2.692793703076965972e+00 6.829999998444691300e-03
1.047197551196597631e+00 2.842393353247908649e+00 7.823489999282173812e-03
1.047197551196597631e+00 2.991993003418851327e+00 1.077180999891425017e-02
1.047197551196597631e+00 3.141592653589794004e+00 1.423862999945413321e-02
1.047197551196597631e+00 3.291192303760736682e+00 1.587950999964959919e-02
1.047197551196597631e+00 3.440791953931679359e+00 1.594169999953010119e-02
1.047197551196597631e+00 3.590391604102622036e+00 1.657028000045102090e-02
1.047197551196597631e+00 3.739991254273564714e+00 1.905547999922418967e-02
1.047197551196597631e+00 3.889590904444507391e+00 2.101723999840032775e-02
1.047197551196597631e+00 4.039190554615450068e+00 1.938440999947488308e-02
1.047197551196597631e+00 4.188790204786392302e+00 1.388429999860818498e-02
1.047197551196597631e+00 4.338389854957334535e+00 8.061309999902732670e-03
1.047197551196597631e+00 4.487989505128276768e+00 4.499899998336331919e-03
1.047197551196597631e+00 4.637589155299219001e+00 3.357230001711286604e-03
1.047197551196597631e+00 4.787188805470161235e+00 3.766359999644919299e-03
1.047197551196597631e+00 4.936788455641103468e+00 4.842639998969389126e-03
1.047197551196597631e+00 5.086388105812045701e+00 6.215539999175234698e-03
1.047197551196597631e+00 5.235987755982987935e+00 8.721979998881579377e-03
1.047197551196597631e+00 5.385587406153930168e+00 1.182521999908203725e-02
1.047197551196597631e+00 5.535187056324872401e+00 1.425294999899051618e-02
1.047197551196597631e+00 5.684786706495814634e+00 1.487174000067170709e-02
1.047197551196597631e+00 5.834386356666756868e+00 1.455999999961932190e-02
1.047197551196597631e+00 5.983986006837699101e+00 1.528435999898647424e-02
1.047197551196597631e+00 6.133585657008641334e+00 1.787856999908399303e-02
1.178097245096172418e+00 0.000000000000000000e+00 2.005288999862386845e-02
1.178097245096172418e+00 1.396263401595463638e-01 1.912939999965601601e-02
1.178097245096172418e+00 2.792526803190927276e-01 1.482604999910108745e-02
1.178097245096172418e+00 4.188790204786391191e-01 9.780779999346123077e-03
1.178097245096172418e+00 5.585053606381854552e-01 6.334619998597190715e-03
1.178097245096172418e+00 6.981317007977317912e-01 5.016320001232088543e-03
1.178097245096172418e+00 8.377580409572781273e-01 5.250099999102531001e-03
1.178097245096172418e+00 9.773843811168244633e-01 5.648499998642364517e-03
1.178097245096172418e+00 1.117010721276370910e+00 5.905239999265177175e-03
1.178097245096172418e+00 1.256637061435917246e+00 7.095709999703103676e-03
1.178097245096172418e+00 1.396263401595463582e+00 1.004302000001189299e-02
1.178097245096172418e+00 1.535889741755009918e+00 1.356124999983876478e-02
1.178097245096172418e+00 1.675516081914556255e+00 1.565945999936957378e-02
1.178097245096172418e+00 1.815142422074102591e+00 1.603368999894883018e-02
1.178097245096172418e+00 1.954768762233648927e+00 1.643303000128071290e-02
1.178097245096172418e+00 2.094395102393195263e+00 1.822252999954798725e-02
1.178097245096172418e+00 2.234021442552741821e+00 2.005334999921615236e-02
1.178097245096172418e+00 2.373647782712288379e+00 1.929160999861778691e-02
1.178097245096172418e+00 2.513274122871834937e+00 1.511170999947353266e-02
1.178097245096172418e+00 2.652900463031381495e+00 9.585699999661301263e-03
1.178097245096172418e+00 2.792526803190928053e+00 5.544820000068284571e-03
1.178097245096172418e+00 2.932153143350474611e+00 3.758909999305615202e-03
1.178097245096172418e+00 3.071779483510021169e+00 3.808849998677033000e-03
1.178097245096172418e+00 3.211405823669567727e+00 4.703299999164300971e-03
1.178097245096172418e+00 3.351032163829114285e+00 5.671859998983563855e-03
1.178097245096172418e+00 3.490658503988660843e+00 7.220669998787343502e-03
1.178097245096172418e+00 3.630284844148207402e+00 9.669739998571458273e-03
1.178097245096172418e+00 3.769911184307753960e+00 1.242332999936479609e-02
1.178097245096172418e+00 3.909537524467300518e+00 1.428404999933263753e-02
1.178097245096172418e+00 4.049163864626846632e+00 1.459142999920004513e-02
1.178097245096172418e+00 4.188790204786393190e+00 1.451517999885254540e-02
1.178097245096172418e+00 4.328416544945939748e+00 1.566456000000471249e-02
1.178097245096172418e+00 4.468042885105486306e+00 1.831039000171585940e-02
1.178097245096172418e+00 4.607669225265032864e+00 2.017420999982277863e-02
1.178097245096172418e+00 4.747295565424579422e+00 1.862927999900421128e-02
1.178097245096172418e+00 4.886921905584125980e+00 1.399190999836719129e-02
1.178097245096172418e+00 5.026548245743672538e+00 9.100429999307380058e-03
1.178097245096172418e+00 5.166174585903219096e+00 5.980400001135421917e-03
1.178097245096172418e+00 5.305800926062765654e+00 4.968769999322830699e-03
1.178097245096172418e+00 5.445427266222312213e+00 5.347919999621808529e-03
1.178097245096172418e+00 5.585053606381858771e+00 5.681339998773182742e-03
1.178097245096172418e+00 5.724679946541405329e+00 5.990169998767669313e-03
1.178097245096172418e+00 5.864306286700951887e+00 7.431829999404726550e-03
1.178097245096172418e+00 6.003932626860498445e+00 1.062831000126607250e-02
1.178097245096172418e+00 6.143558967020045003e+00 1.403178999680676498e-02
1.308996938995747206e+00 0.000000000000000000e+00 1.573936999920988455e-02
1.308996938995747206e+00 1.336847937697784316e-01 1.599421999890182633e-02
1.308996938995747206e+00 2.673695875395568633e-01 1.654640999913681298e-02
1.308996938995747206e+00 4.010543813093352949e-01 1.841957999931764789e-02
1.308996938995747206e+00 5.347391750791137266e-01 2.003983999929914717e-02
1.308996938995747206e+00 6.684239688488922138e-01 1.907057999778771773e-02
1.308996938995747206e+00 8.021087626186707009e-01 1.493641999877581839e-02
1.308996938995747206e+00 9.357935563884491881e-01 9.694740001577883959e-03
1.308996938995747206e+00 1.069478350158227675e+00 5.833170000187237747e-03
1.308996938995747206e+00 1.203163143928006162e+00 4.137199999604490586e-03
1.308996938995747206e+00 1.336847937697784650e+00 4.363689999081543647e-03
1.308996938995747206e+00 1.470532731467563137e+00 5.502029998751822859e-03
1.308996938995747206e+00 1.604217525237341624e+00 6.450060000133817084e-03
1.308996938995747206e+00 1.737902319007120111e+00 7.629839999935938977e-03
1.308996938995747206e+00 1.871587112776898598e+00 9.633200001189834438e-03
1.308996938995747206e+00 2.005271906546676863e+00 1.216545000170299318e-02
1.308996938995747206e+00 2.138956700316455350e+00 1.413497000066854525e-02
1.308996938995747206e+00 2.272641494086233838e+00 1.470909999989089556e-02
1.308996938995747206e+00 2.406326287856012325e+00 1.464782999937597197e-02
1.308996938995747206e+00 2.540011081625790812e+00 1.545319999968342017e-02
1.308996938995747206e+00 2.673695875395569299e+00 1.790622999942570459e-02
1.308996938995747206e+00 2.807380669165347786e+00 2.033999999912339263e-02
1.308996938995747206e+00 2.941065462935126273e+00 2.004755000052682590e-02
1.308996938995747206e+00 3.074750256704904761e+00 1.619930999913776759e-02
1.308996938995747206e+00 3.208435050474683248e+00 1.100569999834988266e-02
1.308996938995747206e+00 3.342119844244461735e+00 7.086300000082701445e-03
1.308996938995747206e+00 3.475804638014240222e+00 5.200519999561947770e-03
1.308996938995747206e+00 3.609489431784018709e+00 5.076859999462612905e-03
1.308996938995747206e+00 3.743174225553797196e+00 5.615889998807688244e-03
1.308996938995747206e+00 3.876859019323575684e+00 5.877609999515698291e-03
1.308996938995747206e+00 4.010543813093353727e+00 6.566739999470883049e-03
1.308996938995747206e+00 4.144228606863132214e+00 8.732669999517383985e-03
1.308996938995747206e+00 4.277913400632910701e+00 1.219477999984519556e-02
1.308996938995747206e+00 4.411598194402689188e+00 1.497543000004952773e-02
1.308996938995747206e+00 4.545282988172467675e+00 1.595128000008116942e-02
1.308996938995747206e+00 4.678967781942246162e+00 1.607504999992670491e-02
1.308996938995747206e+00 4.812652575712024650e+00 1.714287999857333489e-02
1.308996938995747206e+00 4.946337369481803137e+00 1.927384999908099417e-02
1.308996938995747206e+00 5.080022163251581624e+00 2.004721000048448332e-02
1.308996938995747206e+00 5.213706957021360111e+00 1.772372999948856886e-02
1.308996938995747206e+00 5.347391750791138598e+00 1.278672999978880398e-02
1.308996938995747206e+00 5.481076544560917085e+00 7.870359999287757091e-03
1.308996938995747206e+00 5.614761338330695573e+00 4.852480000408831984e-03
1.308996938995747206e+00 5.748446132100474060e+00 4.051849999086698517e-03
1.308996938995747206e+00 5.882130925870252547e+00 4.813469999135122634e-03
1.308996938995747206e+00 6.015815719640031034e+00 5.913529999816091731e-03
1.308996938995747206e+00 6.149500513409809521e+00 6.829019999713636935e-03
1.439896632895321993e+00 0.000000000000000000e+00 8.355269999810843728e-03
1.439896632895321993e+00 1.308996938995747039e-01 1.065770999957749154e-02
1.439896632895321993e+00 2.617993877991494078e-01 1.311050000185787212e-02
1.439896632895321993e+00 3.926990816987241395e-01 1.463453999895136803e-02
1.439896632895321993e+00 5.235987755982988157e-01 1.482251999914296903e-02
1.439896632895321993e+00 6.544984694978734918e-01 1.484878999872307759e-02
1.439896632895321993e+00 7.853981633974481680e-01 1.612963999832572881e-02
1.439896632895321993e+00 9.162978572970228441e-01 1.882545999978901818e-02
1.439896632895321993e+00 1.047197551196597631e+00 2.069879999908152968e-02
1.439896632895321993e+00 1.178097245096172418e+00 1.926933999857283197e-02
1.439896632895321993e+00 1.308996938995747206e+00 1.465780999933485873e-02
1.439896632895321993e+00 1.439896632895321993e+00 9.645340000133728608e-03
1.439896632895321993e+00 1.570796326794896780e+00 6.248050000067451037e-03
1.439896632895321993e+00 1.701696020694471567e+00 4.830269999729353003e-03
1.439896632895321993e+00 1.832595714594046354e+00 4.897479999272036366e-03
1.439896632895321993e+00 1.963495408493621142e+00 5.320449999999254942e-03
1.439896632895321993e+00 2.094395102393195707e+00 5.664749998686602339e-03
1.439896632895321993e+00 2.225294796292770272e+00 6.760329999451641925e-03
1.439896632895321993e+00 2.356194490192344837e+00 9.379789999002241530e-03
1.439896632895321993e+00 2.487094184091919402e+00 1.289931000064825639e-02
1.439896632895321993e+00 2.617993877991493967e+00 1.540958999794383999e-02
1.439896632895321993e+00 2.748893571891068532e+00 1.609243999882892240e-02
1.439896632895321993e+00 2.879793265790643098e+00 1.620239000112633221e-02
1.439896632895321993e+00 3.010692959690217663e+00 1.737798999965889379e-02
1.439896632895321993e+00 3.141592653589792228e+00 1.939712999956100248e-02
1.439896632895321993e+00 3.272492347489366793e+00 1.978839999901538249e-02
1.439896632895321993e+00 3.403392041388941358e+00 1.710289999937231187e-02
1.439896632895321993e+00 3.534291735288515923e+00 1.211768999928608537e-02
1.439896632895321993e+00 3.665191429188090488e+00 7.417760001771966927e-03
1.439896632895321993e+00 3.796091123087665054e+00 4.652210000131162815e-03
1.439896632895321993e+00 3.926990816987239619e+00 4.037990000142599456e-03
1.439896632895321993e+00 4.057890510886814184e+00 4.873549998592352495e-03
1.439896632895321993e+00 4.188790204786388749e+00 5.952679999609244987e-03
1.439896632895321993e+00 4.319689898685963314e+00 6.881069999508326873e-03
1.439896632895321993e+00 4.450589592585537879e+00 8.444830000371439382e-03
1.439896632895321993e+00 4.581489286485112444e+00 1.077995000014198013e-02
1.439896632895321993e+00 4.712388980384687009e+00 1.321069999903556891e-02
1.439896632895321993e+00 4.843288674284261575e+00 1.466389999950479250e-02
1.439896632895321993e+00 4.974188368183836140e+00 1.481539999986125622e-02
1.439896632895321993e+00 5.105088062083410705e+00 1.487001999885251280e-02
1.439896632895321993e+00 5.235987755982985270e+00 1.623623000159568619e-02
1.439896632895321993e+00 5.366887449882559835e+00 1.895246000094630290e-02
1.439896632895321993e+00 5.497787143782134400e+00 2.071721999891451560e-02
1.439896632895321993e+00 5.628686837681708965e+00 1.910947999931522645e-02
1.439896632895321993e+00 5.759586531581283531e+00 1.440625999930489343e-02
1.439896632895321993e+00 5.890486225480858096e+00 9.446860000025480986e-03
1.439896632895321993e+00 6.021385919380432661e+00 6.139229999462259002e-03
1.439896632895321993e+00 6.152285613280007226e+00 4.806059996553813107e-03
1.570796326794896780e+00 0.000000000000000000e+00 4.920280000078491867e-03
1.570796326794896780e+00 1.308996938995747039e-01 5.334989999028039165e-03
1.570796326794896780e+00 2.617993877991494078e-01 5.688190001819748431e-03
1.570796326794896780e+00 3.926990816987241395e-01 6.845139998404192738e-03
1.570796326794896780e+00 5.235987755982988157e-01 9.541899999021552503e-03
1.570796326794896780e+00 6.544984694978734918e-01 1.305090999994718004e-02
1.570796326794896780e+00 7.853981633974481680e-01 1.547824999943259172e-02
1.570796326794896780e+00 9.162978572970228441e-01 1.609474999895610381e-02
1.570796326794896780e+00 1.047197551196597631e+00 1.623347999884572346e-02
1.570796326794896780e+00 1.178097245096172418e+00 1.746834999903512653e-02
1.570796326794896780e+00 1.308996938995747206e+00 1.946745999885024503e-02
1.570796326794896780e+00 1.439896632895321993e+00 1.973559999896679074e-02
1.570796326794896780e+00 1.570796326794896780e+00 1.690324999981385190e-02
1.570796326794896780e+00 1.701696020694471567e+00 1.187308999942615628e-02
1.570796326794896780e+00 1.832595714594046354e+00 7.242929999847547151e-03
1.570796326794896780e+00 1.963495408493621142e+00 4.576599998472374864e-03
1.570796326794896780e+00 2.094395102393195707e+00 4.046949999974458478e-03
1.570796326794896780e+00 2.225294796292770272e+00 4.930229999445145950e-03
1.570796326794896780e+00 2.356194490192344837e+00 5.998059999910765328e-03
1.570796326794896780e+00 2.487094184091919402e+00 6.935559998964890838e-03
1.570796326794896780e+00 2.617993877991493967e+00 8.536119999916991219e-03
1.570796326794896780e+00 2.748893571891068532e+00 1.090201999977580272e-02
1.570796326794896780e+00 2.879793265790643098e+00 1.330797999980859458e-02
1.570796326794896780e+00 3.010692959690217663e+00 1.469139000073482748e-02
1.570796326794896780e+00 3.141592653589792228e+00 1.480804000129865017e-02
1.570796326794896780e+00 3.272492347489366793e+00 1.489493000190122984e-02
1.570796326794896780e+00 3.403392041388941358e+00 1.634755999839399010e-02
1.570796326794896780e+00 3.534291735288515923e+00 1.907782999842311256e-02
1.570796326794896780e+00 3.665191429188090488e+00 2.072738000060780905e-02
1.570796326794896780e+00 3.796091123087665054e+00 1.894210999671486206e-02
1.570796326794896780e+00 3.926990816987239619e+00 1.415449999876727816e-02
1.570796326794896780e+00 4.057890510886814184e+00 9.251499999663792551e-03
1.570796326794896780e+00 4.188790204786388749e+00 6.033759998899768107e-03
1.570796326794896780e+00 4.319689898685963314e+00 4.784459999427781440e-03
1.570796326794896780e+00 4.450589592585537879e+00 4.944219999742927030e-03
1.570796326794896780e+00 4.581489286485112444e+00 5.349789998945198022e-03
1.570796326794896780e+00 4.712388980384687009e+00 5.713769998692441732e-03
1.570796326794896780e+00 4.843288674284261575e+00 6.933059999937540852e-03
1.570796326794896780e+00 4.974188368183836140e+00 9.705950000352459028e-03
1.570796326794896780e+00 5.105088062083410705e+00 1.319991999844205566e-02
1.570796326794896780e+00 5.235987755982985270e+00 1.554197999939788133e-02
1.570796326794896780e+00 5.366887449882559835e+00 1.609595000081753824e-02
1.570796326794896780e+00 5.497787143782134400e+00 1.626393999868014362e-02
1.570796326794896780e+00 5.628686837681708965e+00 1.756210999883478507e-02
1.570796326794896780e+00 5.759586531581283531e+00 1.953387999856204260e-02
1.570796326794896780e+00 5.890486225480858096e+00 1.967592999972112011e-02
1.570796326794896780e+00 6.021385919380432661e+00 1.669819999915489461e-02
1.570796326794896780e+00 6.152285613280007226e+00 1.162929999918560497e-02
1.701696020694471567e+00 0.000000000000000000e+00 7.073279999531223439e-03
1.701696020694471567e+00 1.308996938995747039e-01 4.506199999013915658e-03
1.701696020694471567e+00 2.617993877991494078e-01 4.061189998537884094e-03
1.701696020694471567e+00 3.926990816987241395e-01 4.986199999621021561e-03
1.701696020694471567e+00 5.235987755982988157e-01 6.041159998858347535e-03
1.701696020694471567e+00 6.544984694978734918e-01 6.991709999056183733e-03
1.701696020694471567e+00 7.853981633974481680e-01 8.629279998785932548e-03
1.701696020694471567e+00 9.162978572970228441e-01 1.102388999970571604e-02
1.701696020694471567e+00 1.047197551196597631e+00 1.340471000003162771e-02
1.701696020694471567e+00 1.178097245096172418e+00 1.471675999891886022e-02
1.701696020694471567e+00 1.308996938995747206e+00 1.479807999930926599e-02
1.701696020694471567e+00 1.439896632895321993e+00 1.492286999928182922e-02
1.701696020694471567e+00 1.570796326794896780e+00 1.646170999993046280e-02
1.701696020694471567e+00 1.701696020694471567e+00 1.920132999839552213e-02
1.701696020694471567e+00 1.832595714594046354e+00 2.072929999849293381e-02
1.701696020694471567e+00 1.963495408493621142e+00 1.876793999872461427e-02
1.701696020694471567e+00 2.094395102393195707e+00 1.390277999962563626e-02
1.701696020694471567e+00 2.225294796292770272e+00 9.059299998625647277e-03
1.701696020694471567e+00 2.356194490192344837e+00 5.929939999987254851e-03
1.701696020694471567e+00 2.487094184091919402e+00 4.765629999383236282e-03
1.701696020694471567e+00 2.617993877991493967e+00 4.967429998941952363e-03
1.701696020694471567e+00 2.748893571891068532e+00 5.365089999031624757e-03
1.701696020694471567e+00 2.879793265790643098e+00 5.741540000599343330e-03
1.701696020694471567e+00 3.010692959690217663e+00 7.024290000117616728e-03
1.701696020694471567e+00 3.141592653589792228e+00 9.872079999695415609e-03
1.701696020694471567e+00 3.272492347489366793e+00 1.334498999858624302e-02
1.701696020694471567e+00 3.403392041388941358e+00 1.560089999838965014e-02
1.701696020694471567e+00 3.534291735288515923e+00 1.609619999908318277e-02
1.701696020694471567e+00 3.665191429188090488e+00 1.629609999872627668e-02
1.701696020694471567e+00 3.796091123087665054e+00 1.766095000130007975e-02
1.701696020694471567e+00 3.926990816987239619e+00 1.959581000119214877e-02
1.701696020694471567e+00 4.057890510886814184e+00 1.960897999924782198e-02
1.701696020694471567e+00 4.188790204786388749e+00 1.648796000154106878e-02
1.701696020694471567e+00 4.319689898685963314e+00 1.138634999915666413e-02
1.701696020694471567e+00 4.450589592585537879e+00 6.908630000907578506e-03
1.701696020694471567e+00 4.581489286485112444e+00 4.440919999979087152e-03
1.701696020694471567e+00 4.712388980384687009e+00 4.078269999808981083e-03
1.701696020694471567e+00 4.843288674284261575e+00 5.042889999458566308e-03
1.701696020694471567e+00 4.974188368183836140e+00 6.085149998398264870e-03
1.701696020694471567e+00 5.105088062083410705e+00 7.048789999316795729e-03
1.701696020694471567e+00 5.235987755982985270e+00 8.724409999558702111e-03
1.701696020694471567e+00 5.366887449882559835e+00 1.114559000052395277e-02
1.701696020694471567e+00 5.497787143782134400e+00 1.349932999983138870e-02
1.701696020694471567e+00 5.628686837681708965e+00 1.473977999921771698e-02
1.701696020694471567e+00 5.759586531581283531e+00 1.478959999985818285e-02
1.701696020694471567e+00 5.890486225480858096e+00 1.495318999877781607e-02
1.701696020694471567e+00 6.021385919380432661e+00 1.657967999926768243e-02
1.701696020694471567e+00 6.152285613280007226e+00 1.932272999874840025e-02
1.832595714594046354e+00 0.000000000000000000e+00 2.073097999709716532e-02
1.832595714594046354e+00 1.336847937697784316e-01 1.852079999844136182e-02
1.832595714594046354e+00 2.673695875395568633e-01 1.351601999886042904e-02
1.832595714594046354e+00 4.010543813093352949e-01 8.753430001888773404e-03
1.832595714594046354e+00 5.347391750791137266e-01 5.792590000055497512e-03
1.832595714594046354e+00 6.684239688488922138e-01 4.850310000620083883e-03
1.832595714594046354e+00 8.021087626186707009e-01 5.241830000159097835e-03
1.832595714594046354e+00 9.357935563884491881e-01 5.686350001269602217e-03
1.832595714594046354e+00 1.069478350158227675e+00 6.099239999457495287e-03
1.832595714594046354e+00 1.203163143928006162e+00 7.562319999124156311e-03
1.832595714594046354e+00 1.336847937697784650e+00 1.064599999881465919e-02
1.832595714594046354e+00 1.470532731467563137e+00 1.400730999921506736e-02
1.832595714594046354e+00 1.604217525237341624e+00 1.583424000091326889e-02
1.832595714594046354e+00 1.737902319007120111e+00 1.606381999954464845e-02
1.832595714594046354e+00 1.871587112776898598e+00 1.643341000090003945e-02
1.832595714594046354e+00 2.005271906546676863e+00 1.820176999899558723e-02
1.832595714594046354e+00 2.138956700316455350e+00 2.005710999947041273e-02
1.832595714594046354e+00 2.272641494086233838e+00 1.945745000011811499e-02
1.832595714594046354e+00 2.406326287856012325e+00 1.554914999906031881e-02
1.832595714594046354e+00 2.540011081625790812e+00 1.019408999854931608e-02
1.832595714594046354e+00 2.673695875395569299e+00 6.076219999158638529e-03
1.832595714594046354e+00 2.807380669165347786e+00 4.112040000109118409e-03
1.832595714594046354e+00 2.941065462935126273e+00 4.134469998462009244e-03
1.832595714594046354e+00 3.074750256704904761e+00 5.215509998379275203e-03
1.832595714594046354e+00 3.208435050474683248e+00 6.237529998543323018e-03
1.832595714594046354e+00 3.342119844244461735e+00 7.442609999998239800e-03
1.832595714594046354e+00 3.475804638014240222e+00 9.501979999186005443e-03
1.832595714594046354e+00 3.609489431784018709e+00 1.213502999962656759e-02
1.832595714594046354e+00 3.743174225553797196e+00 1.426483999966876581e-02
1.832595714594046354e+00 3.876859019323575684e+00 1.492558999962056987e-02
1.832595714594046354e+00 4.010543813093353727e+00 1.478261999909591395e-02
1.832595714594046354e+00 4.144228606863132214e+00 1.536479999958828557e-02
1.832595714594046354e+00 4.277913400632910701e+00 1.766409000083513092e-02
1.832595714594046354e+00 4.411598194402689188e+00 2.024095999877317809e-02
1.832595714594046354e+00 4.545282988172467675e+00 2.030067999839957338e-02
1.832595714594046354e+00 4.678967781942246162e+00 1.666638999995484482e-02
1.832595714594046354e+00 4.812652575712024650e+00 1.140218000182358082e-02
1.832595714594046354e+00 4.946337369481803137e+00 7.297939999261870980e-03
1.832595714594046354e+00 5.080022163251581624e+00 5.203349999646889046e-03
1.832595714594046354e+00 5.213706957021360111e+00 4.910429999654297717e-03
1.832595714594046354e+00 5.347391750791138598e+00 5.457149998619570397e-03
1.832595714594046354e+00 5.481076544560917085e+00 5.818719999297172762e-03
1.832595714594046354e+00 5.614761338330695573e+00 6.520860000819084235e-03
1.832595714594046354e+00 5.748446132100474060e+00 8.624699999927543104e-03
1.832595714594046354e+00 5.882130925870252547e+00 1.209532999928342178e-02
1.832595714594046354e+00 6.015815719640031034e+00 1.501193999865790829e-02
1.832595714594046354e+00 6.149500513409809521e+00 1.605536999886680860e-02
1.963495408493621142e+00 0.000000000000000000e+00 1.609068000107072294e-02
1.963495408493621142e+00 1.396263401595463638e-01 1.701182999931916129e-02
1.963495408493621142e+00 2.792526803190927276e-01 1.923544999772275332e-02
1.963495408493621142e+00 4.188790204786391191e-01 2.021650999813573435e-02
1.963495408493621142e+00 5.585053606381854552e-01 1.791955999942729250e-02
1.963495408493621142e+00 6.981317007977317912e-01 1.268516999880375806e-02
1.963495408493621142e+00 8.377580409572781273e-01 7.515539999076281674e-03
1.963495408493621142e+00 9.773843811168244633e-01 4.423059999680845067e-03
1.963495408493621142e+00 1.117010721276370910e+00 3.540129999237251468e-03
1.963495408493621142e+00 1.256637061435917246e+00 4.074100001162150875e-03
1.963495408493621142e+00 1.396263401595463582e+00 5.043449998993310146e-03
1.963495408493621142e+00 1.535889741755009918e+00 6.182419998367549852e-03
1.963495408493621142e+00 1.675516081914556255e+00 8.243299998866859823e-03
1.963495408493621142e+00 1.815142422074102591e+00 1.103729999886127189e-02
1.963495408493621142e+00 1.954768762233648927e+00 1.357800999903702177e-02
1.963495408493621142e+00 2.094395102393195263e+00 1.471756999853823800e-02
1.963495408493621142e+00 2.234021442552741821e+00 1.460733999920194037e-02
1.963495408493621142e+00 2.373647782712288379e+00 1.483908999944105744e-02
1.963495408493621142e+00 2.513274122871834937e+00 1.678665999861550517e-02
1.963495408493621142e+00 2.652900463031381495e+00 1.943412999935389962e-02
1.963495408493621142e+00 2.792526803190928053e+00 2.002232999984698836e-02
1.963495408493621142e+00 2.932153143350474611e+00 1.681882999946537893e-02
1.963495408493621142e+00 3.071779483510021169e+00 1.162726999973529018e-02
1.963495408493621142e+00 3.211405823669567727e+00 7.398540001304354519e-03
1.963495408493621142e+00 3.351032163829114285e+00 5.250709999017999507e-03
1.963495408493621142e+00 3.490658503988660843e+00 4.956629998559947126e-03
1.963495408493621142e+00 3.630284844148207402e+00 5.473679999340674840e-03
1.963495408493621142e+00 3.769911184307753960e+00 5.753239998739445582e-03
1.963495408493621142e+00 3.909537524467300518e+00 6.484799998361268081e-03
1.963495408493621142e+00 4.049163864626846632e+00 8.765919999859761447e-03
1.963495408493621142e+00 4.188790204786393190e+00 1.238745999944512732e-02
1.963495408493621142e+00 4.328416544945939748e+00 1.522433999889472034e-02
1.963495408493621142e+00 4.468042885105486306e+00 1.608941999984381255e-02
1.963495408493621142e+00 4.607669225265032864e+00 1.615032999870891217e-02
1.963495408493621142e+00 4.747295565424579422e+00 1.730999999927007593e-02
1.963495408493621142e+00 4.886921905584125980e+00 1.954653999746369664e-02
1.963495408493621142e+00 5.026548245743672538e+00 2.009240999905159697e-02
1.963495408493621142e+00 5.166174585903219096e+00 1.722319999862520490e-02
1.963495408493621142e+00 5.305800926062765654e+00 1.178365999840025324e-02
1.963495408493621142e+00 5.445427266222312213e+00 6.878069998492719606e-03
1.963495408493621142e+00 5.585053606381858771e+00 4.147039999224944040e-03
1.963495408493621142e+00 5.724679946541405329e+00 3.548349999618949369e-03
1.963495408493621142e+00 5.864306286700951887e+00 4.223859999910928309e-03
1.963495408493621142e+00 6.003932626860498445e+00 5.200739999054349028e-03
1.963495408493621142e+00 6.143558967020045003e+00 6.441189998440677300e-03
2.094395102393195707e+00 0.000000000000000000e+00 8.679349999511032365e-03
2.094395102393195707e+00 1.495996501709425386e-01 1.150383999993209727e-02
2.094395102393195707e+00 2.991993003418850772e-01 1.371311999901081435e-02
2.094395102393195707e+00 4.487989505128275880e-01 1.434580999921308830e-02
2.094395102393195707e+00 5.983986006837701543e-01 1.424523999958182685e-02
2.094395102393195707e+00 7.479982508547127207e-01 1.524026000151934568e-02
2.094395102393195707e+00 8.975979010256552870e-01 1.790461999917170033e-02
2.094395102393195707e+00 1.047197551196597853e+00 1.998595999975805171e-02
2.094395102393195707e+00 1.196797201367540309e+00 1.865461999841500074e-02
2.094395102393195707e+00 1.346396851538482764e+00 1.415679000092495698e-02
2.094395102393195707e+00 1.495996501709425219e+00 9.295539999584434554e-03
2.094395102393195707e+00 1.645596151880367675e+00 6.303209998804959469e-03
2.094395102393195707e+00 1.795195802051310130e+00 5.711079998945933767e-03
2.094395102393195707e+00 1.944795452222252585e+00 6.583339998542214744e-03
2.094395102393195707e+00 2.094395102393195263e+00 6.892389999848091975e-03
2.094395102393195707e+00 2.243994752564137940e+00 6.924289999005850405e-03
2.094395102393195707e+00 2.393594402735080617e+00 8.462069999950472265e-03
2.094395102393195707e+00 2.543194052906023295e+00 1.182244999836257193e-02
2.094395102393195707e+00 2.692793703076965972e+00 1.473701999930199236e-02
2.094395102393195707e+00 2.842393353247908649e+00 1.572786999895470217e-02
2.094395102393195707e+00 2.991993003418851327e+00 1.599570999860588927e-02
2.094395102393195707e+00 3.141592653589794004e+00 1.748357999895233661e-02
2.094395102393195707e+00 3.291192303760736682e+00 2.002968999840959441e-02
2.094395102393195707e+00 3.440791953931679359e+00 2.047811000011279248e-02
2.094395102393195707e+00 3.590391604102622036e+00 1.699840999935986474e-02
2.094395102393195707e+00 3.739991254273564714e+00 1.111674999992828816e-02
2.094395102393195707e+00 3.889590904444507391e+00 6.300339999143034220e-03
2.094395102393195707e+00 4.039190554615450068e+00 3.929249998691375367e-03
2.094395102393195707e+00 4.188790204786392302e+00 3.714119997312081978e-03
2.094395102393195707e+00 4.338389854957334535e+00 4.583329999150009826e-03
2.094395102393195707e+00 4.487989505128276768e+00 5.588019999777316116e-03
2.094395102393195707e+00 4.637589155299219001e+00 7.182229999671108089e-03
2.094395102393195707e+00 4.787188805470161235e+00 9.727749999001389369e-03
2.094395102393195707e+00 4.936788455641103468e+00 1.247976000013295561e-02
2.094395102393195707e+00 5.086388105812045701e+00 1.415712999914831016e-02
2.094395102393195707e+00 5.235987755982987935e+00 1.429696999912266620e-02
2.094395102393195707e+00 5.385587406153930168e+00 1.440412000192736741e-02
2.094395102393195707e+00 5.535187056324872401e+00 1.611632999993162230e-02
2.094395102393195707e+00 5.684786706495814634e+00 1.891240999975707382e-02
2.094395102393195707e+00 5.834386356666756868e+00 1.996050999878207222e-02
2.094395102393195707e+00 5.983986006837699101e+00 1.719870999841077719e-02
2.094395102393195707e+00 6.133585657008641334e+00 1.221064999845111743e-02
2.225294796292770272e+00 0.000000000000000000e+00 7.786459998897043988e-03
2.225294796292770272e+00 1.611073155687073322e-01 5.869299999176291749e-03
2.225294796292770272e+00 3.222146311374146643e-01 6.368299998939619400e-03
2.225294796292770272e+00 4.833219467061219965e-01 7.408450001094024628e-03
2.225294796292770272e+00 6.444292622748293287e-01 7.477929999367916025e-03
2.225294796292770272e+00 8.055365778435366053e-01 8.306230000016512349e-03
2.225294796292770272e+00 9.666438934122438820e-01 1.137722000021312851e-02
2.225294796292770272e+00 1.127751208980951159e+00 1.474054999926011078e-02
2.225294796292770272e+00 1.288858524549658435e+00 1.590579000003344845e-02
2.225294796292770272e+00 1.449965840118365712e+00 1.588659999833907932e-02
2.225294796292770272e+00 1.611073155687072989e+00 1.714046999950369354e-02
2.225294796292770272e+00 1.772180471255780265e+00 2.020696999898063950e-02
2.225294796292770272e+00 1.933287786824487542e+00 2.149122999981045723e-02
2.225294796292770272e+00 2.094395102393194819e+00 1.795729999867035076e-02
2.225294796292770272e+00 2.255502417961902317e+00 1.127762999931292143e-02
2.225294796292770272e+00 2.416609733530609816e+00 5.966499998976360075e-03
2.225294796292770272e+00 2.577717049099317315e+00 3.453739998803939670e-03
2.225294796292770272e+00 2.738824364668024813e+00 3.059999999095452949e-03
2.225294796292770272e+00 2.899931680236732312e+00 3.852829999232199043e-03
2.225294796292770272e+00 3.061038995805439811e+00 5.154889999175793491e-03
2.225294796292770272e+00 3.222146311374147309e+00 7.605839999087038450e-03
2.225294796292770272e+00 3.383253626942854808e+00 1.098117999936221167e-02
2.225294796292770272e+00 3.544360942511562307e+00 1.385430999835080002e-02
2.225294796292770272e+00 3.705468258080269806e+00 1.479313999880105257e-02
2.225294796292770272e+00 3.866575573648977304e+00 1.440795000053185504e-02
2.225294796292770272e+00 4.027682889217684803e+00 1.497371999903407414e-02
2.225294796292770272e+00 4.188790204786392302e+00 1.754870999866398051e-02
2.225294796292770272e+00 4.349897520355099800e+00 1.982714000041596591e-02
2.225294796292770272e+00 4.511004835923807299e+00 1.844760000130918343e-02
2.225294796292770272e+00 4.672112151492514798e+00 1.370425999994040467e-02
2.225294796292770272e+00 4.833219467061222296e+00 8.817879999696742743e-03
2.225294796292770272e+00 4.994326782629929795e+00 6.130920000941841863e-03
2.225294796292770272e+00 5.155434098198637294e+00 6.047389999366714619e-03
2.225294796292770272e+00 5.316541413767344793e+00 7.227689999126596376e-03
2.225294796292770272e+00 5.477648729336052291e+00 7.490889998734928668e-03
2.225294796292770272e+00 5.638756044904759790e+00 7.868439999583642930e-03
2.225294796292770272e+00 5.799863360473467289e+00 1.034763999996357597e-02
2.225294796292770272e+00 5.960970676042174787e+00 1.394321999941894319e-02
2.225294796292770272e+00 6.122077991610882286e+00 1.579139999921608251e-02
2.356194490192344837e+00 0.000000000000000000e+00 1.588875999914307613e-02
2.356194490192344837e+00 1.847995678582231294e-01 1.678778999848873354e-02
2.356194490192344837e+00 3.695991357164462587e-01 2.007344999947235920e-02
2.356194490192344837e+00 5.543987035746693603e-01 2.166985999974713195e-02
2.356194490192344837e+00 7.391982714328925175e-01 1.721428000018931925e-02
2.356194490192344837e+00 9.239978392911156746e-01 9.603969998352113180e-03
2.356194490192344837e+00 1.108797407149338721e+00 4.436329998497967608e-03
2.356194490192344837e+00 1.293596975007561767e+00 2.328299999135197140e-03
2.356194490192344837e+00 1.478396542865784813e+00 1.797150000129477121e-03
2.356194490192344837e+00 1.663196110724007859e+00 2.697089999855961651e-03
2.356194490192344837e+00 1.847995678582230905e+00 5.367669999031932093e-03
2.356194490192344837e+00 2.032795246440453951e+00 9.541609999359934591e-03
2.356194490192344837e+00 2.217594814298676997e+00 1.324655999997048639e-02
2.356194490192344837e+00 2.402394382156900043e+00 1.452498999969975557e-02
2.356194490192344837e+00 2.587193950015123090e+00 1.386010999704012647e-02
2.356194490192344837e+00 2.771993517873346136e+00 1.431950000005599577e-02
2.356194490192344837e+00 2.956793085731569182e+00 1.675410000098054297e-02
2.356194490192344837e+00 3.141592653589792228e+00 1.831774999845947605e-02
2.356194490192344837e+00 3.326392221448015274e+00 1.555974999973841477e-02
2.356194490192344837e+00 3.511191789306238320e+00 1.056181999956606887e-02
2.356194490192344837e+00 3.695991357164461366e+00 6.796929999836720526e-03
2.356194490192344837e+00 3.880790925022684412e+00 6.038650000846246257e-03
2.356194490192344837e+00 4.065590492880907902e+00 7.111399998393608257e-03
2.356194490192344837e+00 4.250390060739131393e+00 7.243419999213074334e-03
2.356194490192344837e+00 4.435189628597354883e+00 7.469350000974372961e-03
2.356194490192344837e+00 4.619989196455578373e+00 1.032212000063736923e-02
2.356194490192344837e+00 4.804788764313801863e+00 1.430658999925071839e-02
2.356194490192344837e+00 4.989588332172025353e+00 1.593258000139030628e-02
2.356194490192344837e+00 5.174387900030248844e+00 1.592087000062747393e-02
2.356194490192344837e+00 5.359187467888472334e+00 1.746330999958445318e-02
2.356194490192344837e+00 5.543987035746695824e+00 2.084403999833739363e-02
2.356194490192344837e+00 5.728786603604919314e+00 2.121071999863488600e-02
2.356194490192344837e+00 5.913586171463142804e+00 1.537706999988586176e-02
2.356194490192344837e+00 6.098385739321366295e+00 8.037770001465105452e-03
2.487094184091919402e+00 0.000000000000000000e+00 3.447999999480089173e-03
2.487094184091919402e+00 2.094395102393195318e-01 1.856139999290462583e-03
2.487094184091919402e+00 4.188790204786390636e-01 1.813119999496848322e-03
2.487094184091919402e+00 6.283185307179586232e-01 3.752540000277804211e-03
2.487094184091919402e+00 8.377580409572781273e-01 7.732989999567507766e-03
2.487094184091919402e+00 1.047197551196597631e+00 1.184973999988869764e-02
2.487094184091919402e+00 1.256637061435917246e+00 1.360027000009722542e-02
2.487094184091919402e+00 1.466076571675236861e+00 1.317544999983510934e-02
2.487094184091919402e+00 1.675516081914556477e+00 1.381748999847332016e-02
2.487094184091919402e+00 1.884955592153876092e+00 1.633994000076199882e-02
2.487094184091919402e+00 2.094395102393195707e+00 1.711852999869734049e-02
2.487094184091919402e+00 2.303834612632515100e+00 1.374054999905638397e-02
2.487094184091919402e+00 2.513274122871834493e+00 9.092999998756567948e-03
2.487094184091919402e+00 2.722713633111153886e+00 7.081969999489956535e-03
2.487094184091919402e+00 2.932153143350473279e+00 8.241899999120505527e-03
2.487094184091919402e+00 3.141592653589792672e+00 8.607230000052368268e-03
2.487094184091919402e+00 3.351032163829112065e+00 7.572450000225217082e-03
2.487094184091919402e+00 3.560471674068431458e+00 9.547899999233777635e-03
2.487094184091919402e+00 3.769911184307750851e+00 1.354826000169850886e-02
2.487094184091919402e+00 3.979350694547070244e+00 1.540114999988873024e-02
2.487094184091919402e+00 4.188790204786389637e+00 1.593171999957121443e-02
2.487094184091919402e+00 4.398229715025709474e+00 1.852809000047273003e-02
2.487094184091919402e+00 4.607669225265029311e+00 2.179534999959287234e-02
2.487094184091919402e+00 4.817108735504349148e+00 1.950445999864314217e-02
2.487094184091919402e+00 5.026548245743668986e+00 1.141624999945634045e-02
2.487094184091919402e+00 5.235987755982988823e+00 5.017820001739892177e-03
2.487094184091919402e+00 5.445427266222308660e+00 2.354349999222904444e-03
2.487094184091919402e+00 5.654866776461628497e+00 1.611259998753666878e-03
2.487094184091919402e+00 5.864306286700948334e+00 2.573309999206685461e-03
2.487094184091919402e+00 6.073745796940268171e+00 5.749279998781275935e-03
2.617993877991493967e+00 0.000000000000000000e+00 1.047641999866755214e-02
2.617993877991493967e+00 2.513274122871834715e-01 1.280316999873321038e-02
2.617993877991493967e+00 5.026548245743669430e-01 1.261549999981070869e-02
2.617993877991493967e+00 7.539822368615504145e-01 1.402329999837093055e-02
2.617993877991493967e+00 1.005309649148733886e+00 1.697640000020328443e-02
2.617993877991493967e+00 1.256637061435917246e+00 1.620400999854609836e-02
2.617993877991493967e+00 1.507964473723100607e+00 1.170540999919467140e-02
2.617993877991493967e+00 1.759291886010283967e+00 8.701999999175313860e-03
2.617993877991493967e+00 2.010619298297467328e+00 1.042859999870415777e-02
2.617993877991493967e+00 2.261946710584650688e+00 1.097807999940414447e-02
2.617993877991493967e+00 2.513274122871834049e+00 9.344629999759490602e-03
2.617993877991493967e+00 2.764601535159017409e+00 1.170191999881353695e-02
2.617993877991493967e+00 3.015928947446200770e+00 1.474611999947228469e-02
2.617993877991493967e+00 3.267256359733384130e+00 1.518890999977884348e-02
2.617993877991493967e+00 3.518583772020567491e+00 1.791005999984918162e-02
2.617993877991493967e+00 3.769911184307750851e+00 2.256763999866961967e-02
2.617993877991493967e+00 4.021238596594934656e+00 1.967903999866393860e-02
2.617993877991493967e+00 4.272566008882118460e+00 9.991089998948154971e-03
2.617993877991493967e+00 4.523893421169302265e+00 3.786900000704918057e-03
2.617993877991493967e+00 4.775220833456486069e+00 1.841710000007878989e-03
2.617993877991493967e+00 5.026548245743669874e+00 2.042579999397275969e-03
2.617993877991493967e+00 5.277875658030853678e+00 4.924169999867444858e-03
2.617993877991493967e+00 5.529203070318037483e+00 9.686009998404188082e-03
2.617993877991493967e+00 5.780530482605221287e+00 1.264210999943315983e-02
2.617993877991493967e+00 6.031857894892405092e+00 1.267481000104453415e-02
2.748893571891068532e+00 0.000000000000000000e+00 1.429686999836121686e-02
2.748893571891068532e+00 3.306939635357676877e-01 1.764120000007096678e-02
2.748893571891068532e+00 6.613879270715353753e-01 1.427832999979727902e-02
2.748893571891068532e+00 9.920818906073030075e-01 9.799739998925360851e-03
2.748893571891068532e+00 1.322775854143070751e+00 1.164264999897568487e-02
2.748893571891068532e+00 1.653469817678838494e+00 1.197302999935345724e-02
2.748893571891068532e+00 1.984163781214606237e+00 1.307289000033051707e-02
2.748893571891068532e+00 2.314857744750373758e+00 1.610996999988856260e-02
2.748893571891068532e+00 2.645551708286141501e+00 1.560810999944806099e-02
2.748893571891068532e+00 2.976245671821909244e+00 2.025354999932460487e-02
2.748893571891068532e+00 3.306939635357676988e+00 2.250001999891537707e-02
2.748893571891068532e+00 3.637633598893444731e+00 1.091528999859292526e-02
2.748893571891068532e+00 3.968327562429212474e+00 3.280899998571840115e-03
2.748893571891068532e+00 4.299021525964979773e+00 1.454339999327203259e-03
2.748893571891068532e+00 4.629715489500747516e+00 3.600789999836706556e-03
2.748893571891068532e+00 4.960409453036515259e+00 9.869120000075781718e-03
2.748893571891068532e+00 5.291103416572283002e+00 1.321328000085486565e-02
2.748893571891068532e+00 5.621797380108050746e+00 1.257322999845200684e-02
2.748893571891068532e+00 5.952491343643818489e+00 1.569704000030469615e-02
2.879793265790643098e+00 0.000000000000000000e+00 1.597070999923744239e-02
2.879793265790643098e+00 4.833219467061219965e-01 9.893639999063452706e-03
2.879793265790643098e+00 9.666438934122439930e-01 1.228166999862878583e-02
2.879793265790643098e+00 1.449965840118365934e+00 1.536462999865761958e-02
2.879793265790643098e+00 1.933287786824487986e+00 1.730909999969298951e-02
2.879793265790643098e+00 2.416609733530609816e+00 1.774915000169130508e-02
2.879793265790643098e+00 2.899931680236731868e+00 1.815680999970936682e-02
2.879793265790643098e+00 3.383253626942853920e+00 5.147139998371130787e-03
2.879793265790643098e+00 3.866575573648975972e+00 1.133719999415916391e-03
2.879793265790643098e+00 4.349897520355098024e+00 6.413009999960195273e-03
2.879793265790643098e+00 4.833219467061219632e+00 1.445519999833777547e-02
2.879793265790643098e+00 5.316541413767341240e+00 1.289529999849037267e-02
2.879793265790643098e+00 5.799863360473462848e+00 1.773820999915187713e-02
3.010692959690217663e+00 0.000000000000000000e+00 9.901820001687156036e-03
3.010692959690217663e+00 8.975979010256551760e-01 1.710333000119135249e-02
3.010692959690217663e+00 1.795195802051310352e+00 1.435748999938368797e-02
3.010692959690217663e+00 2.692793703076965528e+00 7.401719998597400263e-03
3.010692959690217663e+00 3.590391604102620704e+00 2.658049999809009023e-03
3.010692959690217663e+00 4.487989505128275880e+00 1.517168999998830259e-02
3.010692959690217663e+00 5.385587406153931056e+00 1.780901000165613368e-02
3.141592653589792228e+00 0.000000000000000000e+00 1.682870999866281636e-02
