4.667905286411191956e-02
2.202035349681875117e-04
-1.058645919538707018e-04
-1.314684594057325404e-04
-1.029772772395302698e-04
6.807238043004562545e-04
-1.213751578711110696e-02
-2.239885757530089491e-03
7.769622912213834534e-05
-2.150491110153795950e-04
-2.373878256102353518e-04
-3.901544782021130315e-04
-2.709684913707756230e-04
-5.395365219657689664e-04
-6.516161189893611601e-04
1.478923003464818428e-04
1.656437888497554417e-05
-4.976693009880796834e-04
-2.790931430098134158e-04
1.525943059232859811e-04
-6.163873922346978793e-04
-1.451979239952886714e-03
1.301058881266992266e-05
-2.401096838623064923e-05
8.981868004314477218e-04
-8.242539581103390295e-05
-6.667494912672804457e-04
5.865326487542490671e-04
-2.818605047855261381e-04
-1.991000646932706772e-03
1.704990437287028505e-05
-8.199568371049285008e-04
-2.662024856709991824e-04
-2.707196857042902722e-04
-1.700738803674432212e-04
2.234579368251811090e-04
3.406925966884477125e-05
-7.351954957875280134e-04
7.325463195727366166e-05
2.727059210222974764e-04
3.725610617764206619e-04
-5.264728683641749967e-04
-3.077086400913070681e-04
4.824866813679155007e-04
-1.782302123660452469e-05
1.055862439824053339e-03
1.123776142368283337e-03
-1.299885853373551267e-04
-7.440753154034642717e-05
1.385311254250701620e-03
4.167272135364183481e-05
-2.657034765458930791e-04
-1.582361413605273359e-04
-1.053206762154864067e-03
2.635814988841025767e-04
-2.270441837632826594e-03
4.881079283983646901e-05
-3.217770472975648235e-04
-7.633179336376658868e-04
7.842623852313208898e-04
-2.432906389791660842e-04
8.174766773270854010e-04
-1.859092037959305147e-05
2.044906149115002878e-04
-2.530328043578888744e-05
-1.803630244891991420e-05
2.814718466994370056e-04
-6.291344210898836085e-04
-3.438647805042036260e-04
-6.156979154358515911e-04
5.714961881252656958e-04
-9.558638003912909437e-04
4.856316955299199941e-04
2.709267813110298288e-03
-1.227345161167532248e-04
-9.926793059070358142e-04
-1.205414273519813707e-03
-4.213246581826633394e-05
-2.350711235499553951e-04
-2.532128191004799894e-04
-1.041638024653538628e-05
-1.230461247510045847e-05
-1.139359720636487169e-04
-1.413217728860296151e-04
2.341029500401132319e-04
-1.850891982595788551e-04
1.273094364999580261e-03
1.518113195489254530e-03
-2.956619911265760074e-04
2.022435227443974623e-03
3.921713191516614481e-04
2.374884038864694623e-04
9.888115697486519334e-04
-1.076119356803542388e-03
-1.826293045505458226e-04
6.266763102827073526e-04
-4.455811755512869286e-05
-7.727447223442700716e-06
-1.260688028790766580e-05
1.065222146042426416e-05
-9.954168601550072775e-05
-2.119399434437140668e-05
8.249685799856902048e-05
2.953113334446981009e-06
5.767826672924490205e-04
-1.935796567988587197e-04
4.601152916175699713e-04
1.078123741291313765e-03
1.592624081175482952e-03
2.977828260603808137e-04
5.409263025780054615e-04
1.353205955063722671e-03
4.382263932600728371e-04
1.343042521256120969e-03
3.425800447806248358e-04
-1.805860959907718314e-04
-3.714767291238913957e-04
4.390859095694730997e-04
-4.215397538274610282e-06
9.702639917727619691e-05
-7.081723792334008354e-05
-1.579167206774939158e-05
-9.480956186406745852e-05
9.036641659671668624e-05
-4.409721618942289854e-05
-4.009241782347291528e-04
-1.977639385491434837e-04
9.427188928173401827e-05
-1.029126606528135007e-03
-1.375718255650437618e-03
3.587038194319134210e-04
3.981438209451180696e-03
-7.120874466619295847e-04
1.014932444741203086e-04
2.242331593072942938e-03
1.453825496855690874e-03
-4.675317447849607891e-04
-3.211313165100579620e-04
2.259327870864344986e-04
-1.595980037132484035e-04
-7.203927735293069430e-05
-1.807954138542287523e-05
4.171524661105081074e-05
3.505660117351661200e-06
-2.019777188696727675e-05
-5.393531359859383414e-05
1.378104436437569140e-04
4.792933369464227964e-06
-1.489458746086975223e-04
-3.035192034101053611e-05
1.997181871847797624e-04
2.249387104778769906e-04
-2.776952066709656637e-04
-5.259871673354031335e-04
-1.637327898574473563e-03
-7.047910833105680475e-04
-1.208001697006356708e-03
-3.952379450465345369e-03
-3.940498960370160094e-04
-2.253996598577718072e-03
-7.895356181047715307e-04
4.713604623742175675e-04
-2.853404806610279902e-04
-7.538829694360432579e-04
5.717826759029292832e-05
1.259218233553198256e-04
6.142914486067542739e-05
1.132092250712882599e-05
-6.921234553401942746e-06
-1.875628180288905610e-05
-2.574678017838938826e-05
5.872837046107080719e-05
3.634737428938526163e-05
6.895725151535088849e-05
1.270750302466506555e-05
1.125542848974593092e-04
-7.776651864444488306e-05
1.780613964566211418e-04
4.265757107937993083e-04
5.891243362068888326e-04
-7.147999912397107669e-04
-2.695337552894317042e-03
-1.146848194043366615e-04
1.576015011285522810e-04
1.065221986914440970e-04
-6.429587000682445916e-04
3.423432333087087767e-04
-1.050822955519915879e-03
-2.165442622825539576e-04
3.953739558756610647e-05
7.052678946074057687e-05
-1.375050984389432004e-04
-1.645136913080755107e-04
-1.777780887174355427e-05
-1.233600077029281777e-05
1.028316771079927812e-05
-2.197170760769126974e-05
-4.030431352379797334e-05
3.356039865467713777e-05
-3.942850802153006530e-05
-9.733476522332775089e-05
8.715531122085399401e-07
-1.939364392342221490e-05
-2.710741337259263287e-04
-4.256325503039417452e-05
-1.989667012687381937e-04
3.281860092649739927e-04
2.769047419069042013e-04
-1.340175500654809367e-03
-4.285500671660076816e-05
-4.279969162900422539e-04
-6.045762900209585358e-04
-2.029063848453951740e-04
1.082828655870176618e-03
8.311624344960481716e-04
-4.863882075413994096e-04
-4.442368903502541696e-04
3.918978441592879821e-04
1.420606611625552246e-05
-1.437464753361930299e-04
1.717204855160596368e-05
9.162361626168992630e-05
2.084611788267830615e-05
6.842863887340691186e-06
-1.325062084625093885e-05
-1.752888369699576616e-05
-2.595147376843038017e-05
2.603303512813854323e-05
-2.862894183594172685e-05
-5.058219000671066693e-05
3.140668924735869473e-05
8.308783201364875869e-06
-2.071273000786332582e-04
1.728611486852158971e-04
-3.609536495428630840e-04
2.170946347380316448e-04
3.891667752415357145e-04
-2.515207659077060495e-04
5.126765817251166405e-04
-4.373303294535144797e-03
4.597497317729630994e-04
4.375434566696217499e-04
-2.606443011160501297e-03
-3.000218940872208511e-04
1.335883134507996812e-04
4.826078248983069652e-04
-7.705092822385539307e-05
2.756968514179175848e-04
-3.812985035289372625e-04
-4.718642479792604786e-05
1.959134314971494866e-04
-4.033154340618783562e-06
-1.031372126182053756e-04
-7.605598267415011665e-06
-9.398700668243972376e-06
8.596787021533661079e-06
-1.593272916972829605e-05
-1.726598628961806647e-05
2.268978283260703928e-05
-5.255837024409802866e-05
-1.384572317667421160e-05
6.702568764289451933e-05
3.995079697954404137e-05
-2.343011767926797442e-04
4.115344876971547086e-05
-1.870632202840078666e-04
3.031451797378390857e-06
4.195227796328493538e-04
1.676364548710240451e-04
5.529946189909114903e-04
2.543091153476516146e-03
1.678756574039659555e-03
2.268160235915407837e-03
5.321922495916063187e-03
9.371008065326210269e-04
2.060849371680583460e-03
2.356108729398224532e-04
-4.084524311584573648e-04
7.636545057547223939e-04
4.163007339357553053e-04
-2.033675770567650899e-04
1.759584714150540859e-04
9.667981965087244357e-05
-1.244406090446086043e-04
3.485306452600362651e-05
8.635506495999927586e-05
-1.197068039356276184e-06
4.063386036664092980e-06
-4.200319233899176333e-06
-1.950909297225713679e-05
-2.016259968930017230e-05
1.589628317822899231e-05
-7.336560808234517833e-05
-8.126274621585681535e-06
9.043259578840715266e-05
9.475091561854615072e-06
-1.255422103644772197e-04
-9.353461983672598868e-05
-2.171519310351592417e-04
-2.997980596677393011e-05
5.981298191271628871e-04
-3.824771415458797712e-04
6.845229090079874967e-04
5.375294295586849781e-04
3.703006886504737788e-04
8.115366249779900482e-03
-1.200768070017741015e-03
-1.164297380330055112e-03
4.144385047593431362e-03
-4.673195484556411485e-04
-2.016793553598977655e-03
2.893821475264585804e-04
3.368046535607614007e-04
-2.667363684457139906e-04
-4.895684356691487734e-04
1.894869795964101414e-04
-1.213392321661690596e-04
-3.693319115806179887e-05
1.175125724917772466e-04
5.723317189404583064e-06
-7.494439755419544827e-05
8.109058947222550547e-06
3.629134780153619663e-06
6.919207595665842741e-07
-1.558126374642286659e-05
-1.259961219039469702e-05
1.451569161385751218e-05
-6.990698320072927848e-05
-1.031045208687034144e-05
8.411490684063734676e-05
2.096786190058382666e-05
-8.409673559345506053e-05
-3.084892077720457777e-05
-3.728854791441215061e-04
1.449468322842349297e-04
6.849352203657100690e-04
-3.185566339481464234e-04
8.637059802833540415e-05
1.246017471664541063e-03
-3.752520165175219605e-04
-3.764064823423643631e-03
-2.651349943146282320e-03
-2.741895611774846329e-03
-6.228948578752349641e-03
-1.252160184877161315e-03
-3.516076955080843329e-03
1.256010791493683803e-04
1.248193254709587929e-03
-2.900133508272895178e-04
-1.189250766471908497e-03
1.180082094602439213e-04
4.249613535029203625e-04
-1.087988539080960581e-04
-9.431270795401088588e-06
3.351361526400279344e-05
-9.083042159596893365e-05
-3.663318778089613833e-06
7.987722069802735258e-05
1.266506011409169812e-06
-6.307250981147586710e-06
-3.095680528747174910e-06
-1.308235917204842065e-05
-1.017723996953533942e-05
1.945680036538697394e-05
-9.141455127265645983e-05
-1.122389648631713123e-05
7.975334749162814405e-05
3.732903987777041891e-05
-1.289810427595326672e-05
-9.381916762575792353e-05
-4.485115550449555967e-04
1.920530571596605488e-04
6.571349467650803699e-04
6.719334151012687798e-06
-1.028496969493817529e-03
2.095817802872494977e-04
-1.649271825678111716e-04
-5.993535452403175824e-04
1.689967314836751514e-04
-6.915407467135854455e-03
6.164153091902130777e-04
1.317542393878516497e-03
-4.385868707665662412e-03
-1.093686892302360084e-04
1.596643602666254595e-03
3.155404294026231639e-04
-9.278936852706869305e-04
1.022318987552046086e-04
7.827785436259975492e-04
-1.328664135426610915e-04
-4.899435778203266962e-04
9.812075920187908690e-05
6.217070065910740295e-05
-8.208999834778991510e-05
6.470424451696300166e-05
8.912244064071170833e-06
-6.367348936560242821e-05
2.166501782546184033e-06
7.236157444002208703e-06
-2.540467131175740655e-07
-1.826668748393844768e-05
-1.144607919795789623e-06
1.551352279680691566e-05
-9.529259513692853005e-05
-1.660187803756039623e-05
6.533113171074071798e-05
4.609140594152247869e-05
9.249475427784437922e-05
-9.121865573414362648e-05
-5.069640942540094841e-04
8.940592433274825658e-05
4.740630248210624597e-04
-1.353370394410457209e-04
-6.088505434373807888e-04
7.545326148669846168e-05
-1.216296397868459707e-03
-2.019116661184785035e-05
3.509287711890156673e-05
3.719486687995268107e-03
1.428264154692614023e-03
1.714852085369264175e-03
3.773145674992945103e-03
1.346959910216468390e-03
1.755118030028305753e-03
-3.917578051637677543e-04
-1.234813103600288040e-03
3.643116430742314275e-04
7.548144860093311146e-04
-4.227148404305496217e-05
-7.979564311861228870e-04
6.443453486353685651e-06
4.999606918203192705e-04
-7.267552289505069534e-05
-1.273491073514243163e-04
5.740667517838512384e-05
-3.909684449065965912e-05
-4.915974056497511514e-06
5.659530079909823135e-05
-1.494129494135060532e-06
-3.854657699745543675e-06
-8.072521274853658533e-06
-1.236425114211356716e-05
-1.180542043573791413e-05
1.859696198102018822e-05
-9.581634560995409963e-05
-1.278877396322718012e-05
4.858281087326526537e-05
6.025778148004005182e-05
1.502977270661728666e-04
-8.952040854596951232e-05
-5.812779032942432759e-04
1.148941350162131498e-04
4.556816768223230030e-04
-1.917657689716217753e-04
-4.217837737125881489e-04
2.253469621455381211e-04
1.305257874349454806e-03
-4.427599411935891375e-04
-2.603900908621630005e-04
7.328634882846130939e-04
-1.285549072156296760e-03
4.081257069892100381e-03
-2.392927622839203920e-04
-9.040821117420304049e-04
3.742871758809409883e-03
-1.843589807353246022e-05
-5.140612050513712920e-04
5.202839047531082270e-04
1.144219890638648908e-03
-2.278336542302365124e-04
-4.761916198992621795e-04
1.174805731490605675e-04
6.930070006912218607e-04
-5.364673523899438296e-05
-4.703719858136713901e-04
6.734647928257554337e-05
1.630346882057658920e-04
-4.719569871518949141e-05
1.149454326921880466e-05
6.306704738178191315e-06
-4.306448871369030471e-05
-6.497322378817816345e-06
1.402301146490286376e-05
4.716319180358562353e-06
-3.699204403786512235e-19
2.450718132086617539e-19
3.332085911879290684e-19
1.633647714480194512e-18
4.791008699512251805e-19
6.174463323274325087e-19
-2.510978686264341711e-20
7.418289873186099642e-19
4.722569914928097729e-21
-6.694791277120346161e-19
6.004342864411511570e-19
5.973131803263464156e-19
9.029323308610443172e-20
1.619295188457807153e-19
3.024576184953146239e-19
4.314046942917332521e-19
1.654363705870287262e-21
3.819342323314805589e-19
1.224511486336982936e-18
-1.611885815775829613e-18
9.124619293669399343e-19
-2.655744385823991254e-19
1.756584151676449710e-19
-7.680539923757790477e-19
-5.947029926590108128e-19
1.260093292171779230e-18
-1.818923774015284607e-20
-6.063001371167476371e-19
-1.328188056032497426e-18
-8.867204438048779621e-19
1.471632339010382111e-19
-1.003456023445597454e-18
2.973239994574789989e-19
-4.448024778566357435e-19
-1.005998628852448239e-18
-7.334416625577277683e-19
-1.088651495731795291e-18
3.740665575829153353e-19
5.995853559887925780e-19
-9.906459014287195445e-19
-4.126300424397774876e-19
9.457570261780342553e-19
-1.664524824580728669e-19
3.580092040008258878e-19
5.312414410466494942e-19
