0.000000000000000000e+00 0.000000000000000000e+00 0.000000000000000000e+00
1.308996938995747039e-01 0.000000000000000000e+00 6.486880000011296943e-03
1.308996938995747039e-01 8.975979010256551760e-01 5.961319999187253416e-03
1.308996938995747039e-01 1.795195802051310352e+00 5.229489999692304991e-03
1.308996938995747039e-01 2.692793703076965528e+00 6.692909999401308596e-03
1.308996938995747039e-01 3.590391604102620704e+00 5.761770000390242785e-03
1.308996938995747039e-01 4.487989505128275880e+00 8.992869999929098412e-03
1.308996938995747039e-01 5.385587406153931056e+00 7.592299989482853562e-04
2.617993877991494078e-01 0.000000000000000000e+00 5.765019999671494588e-03
2.617993877991494078e-01 4.833219467061219965e-01 5.630640000163111836e-03
2.617993877991494078e-01 9.666438934122439930e-01 5.243559999144054018e-03
2.617993877991494078e-01 1.449965840118365934e+00 7.100470000295899808e-03
2.617993877991494078e-01 1.933287786824487986e+00 6.558130000485107303e-03
2.617993877991494078e-01 2.416609733530609816e+00 4.180449999694246799e-03
2.617993877991494078e-01 2.899931680236731868e+00 7.121030001144390553e-03
2.617993877991494078e-01 3.383253626942853920e+00 9.114020000197342597e-03
2.617993877991494078e-01 3.866575573648975972e+00 6.857880000097793527e-03
2.617993877991494078e-01 4.349897520355098024e+00 6.702230000882991590e-03
2.617993877991494078e-01 4.833219467061219632e+00 8.887680000043474138e-03
2.617993877991494078e-01 5.316541413767341240e+00 1.606109999556792900e-03
2.617993877991494078e-01 5.799863360473462848e+00 2.363249999689287506e-03
3.926990816987241395e-01 0.000000000000000000e+00 6.342610000501736067e-03
3.926990816987241395e-01 3.306939635357676877e-01 6.230700000742217526e-03
3.926990816987241395e-01 6.613879270715353753e-01 4.859419999775127508e-03
3.926990816987241395e-01 9.920818906073030075e-01 5.933750000622239895e-03
3.926990816987241395e-01 1.322775854143070751e+00 7.489539999369299039e-03
3.926990816987241395e-01 1.653469817678838494e+00 8.001410000360920094e-03
3.926990816987241395e-01 1.984163781214606237e+00 7.589339998958166689e-03
3.926990816987241395e-01 2.314857744750373758e+00 6.761999999071122147e-03
3.926990816987241395e-01 2.645551708286141501e+00 8.630169999378267676e-03
3.926990816987241395e-01 2.976245671821909244e+00 1.143385999785095919e-02
3.926990816987241395e-01 3.306939635357676988e+00 1.135612000143737532e-02
3.926990816987241395e-01 3.637633598893444731e+00 8.251679999375483021e-03
3.926990816987241395e-01 3.968327562429212474e+00 6.604329999390756711e-03
3.926990816987241395e-01 4.299021525964979773e+00 9.285359999921638519e-03
3.926990816987241395e-01 4.629715489500747516e+00 8.230649998949957080e-03
3.926990816987241395e-01 4.960409453036515259e+00 2.296100001331069507e-03
3.926990816987241395e-01 5.291103416572283002e+00 6.979600002523511648e-04
3.926990816987241395e-01 5.621797380108050746e+00 3.703340000356547534e-03
3.926990816987241395e-01 5.952491343643818489e+00 6.949220000024070032e-03
5.235987755982988157e-01 0.000000000000000000e+00 5.379239999456331134e-03
5.235987755982988157e-01 2.513274122871834715e-01 4.980850000720238313e-03
5.235987755982988157e-01 5.026548245743669430e-01 5.343630000425036997e-03
5.235987755982988157e-01 7.539822368615504145e-01 6.537999999636667781e-03
5.235987755982988157e-01 1.005309649148733886e+00 7.874159999119001441e-03
5.235987755982988157e-01 1.256637061435917246e+00 9.135649999734596349e-03
5.235987755982988157e-01 1.507964473723100607e+00 1.000906999979633838e-02
5.235987755982988157e-01 1.759291886010283967e+00 9.713470000860979781e-03
5.235987755982988157e-01 2.010619298297467328e+00 9.663760001785703935e-03
5.235987755982988157e-01 2.261946710584650688e+00 1.160589999926742166e-02
5.235987755982988157e-01 2.513274122871834049e+00 1.399755999955232255e-02
5.235987755982988157e-01 2.764601535159017409e+00 1.442433999909553677e-02
5.235987755982988157e-01 3.015928947446200770e+00 1.183096000022487715e-02
5.235987755982988157e-01 3.267256359733384130e+00 8.870539999406901188e-03
5.235987755982988157e-01 3.518583772020567491e+00 9.436739999728160910e-03
5.235987755982988157e-01 3.769911184307750851e+00 1.183468999988690484e-02
5.235987755982988157e-01 4.021238596594934656e+00 9.248390000720974058e-03
5.235987755982988157e-01 4.272566008882118460e+00 3.587449999031377956e-03
5.235987755982988157e-01 4.523893421169302265e+00 7.380900005955481902e-04
5.235987755982988157e-01 4.775220833456486069e+00 1.297860000704531558e-03
5.235987755982988157e-01 5.026548245743669874e+00 4.232139999658102170e-03
5.235987755982988157e-01 5.277875658030853678e+00 6.785450001189019531e-03
5.235987755982988157e-01 5.529203070318037483e+00 6.345860001601977274e-03
5.235987755982988157e-01 5.780530482605221287e+00 5.100979999042465352e-03
5.235987755982988157e-01 6.031857894892405092e+00 5.168190000404138118e-03
6.544984694978734918e-01 0.000000000000000000e+00 6.044249999831663445e-03
6.544984694978734918e-01 2.094395102393195318e-01 7.142309999835561030e-03
6.544984694978734918e-01 4.188790204786390636e-01 8.384320000914158300e-03
6.544984694978734918e-01 6.283185307179586232e-01 9.891789999528555200e-03
6.544984694978734918e-01 8.377580409572781273e-01 1.100070999927993398e-02
6.544984694978734918e-01 1.047197551196597631e+00 1.134287999957450666e-02
6.544984694978734918e-01 1.256637061435917246e+00 1.180442000077164266e-02
6.544984694978734918e-01 1.466076571675236861e+00 1.334388000032049604e-02
6.544984694978734918e-01 1.675516081914556477e+00 1.558386999931826722e-02
6.544984694978734918e-01 1.884955592153876092e+00 1.801981999960844405e-02
6.544984694978734918e-01 2.094395102393195707e+00 1.852583000072627328e-02
6.544984694978734918e-01 2.303834612632515100e+00 1.636352999958035070e-02
6.544984694978734918e-01 2.513274122871834493e+00 1.408108999930846039e-02
6.544984694978734918e-01 2.722713633111153886e+00 1.415339000050153118e-02
6.544984694978734918e-01 2.932153143350473279e+00 1.520419999906152952e-02
6.544984694978734918e-01 3.141592653589792672e+00 1.243509000050835311e-02
6.544984694978734918e-01 3.351032163829112065e+00 6.724929999109008349e-03
6.544984694978734918e-01 3.560471674068431458e+00 2.327270000023418106e-03
6.544984694978734918e-01 3.769911184307750851e+00 1.319089999014977366e-03
6.544984694978734918e-01 3.979350694547070244e+00 2.936569999292260036e-03
6.544984694978734918e-01 4.188790204786389637e+00 5.599349999101832509e-03
6.544984694978734918e-01 4.398229715025709474e+00 7.239649999974062666e-03
6.544984694978734918e-01 4.607669225265029311e+00 6.557299999258248135e-03
6.544984694978734918e-01 4.817108735504349148e+00 5.292320000080508180e-03
6.544984694978734918e-01 5.026548245743668986e+00 4.939880000165430829e-03
6.544984694978734918e-01 5.235987755982988823e+00 5.625440000585513189e-03
6.544984694978734918e-01 5.445427266222308660e+00 6.625480002185213380e-03
6.544984694978734918e-01 5.654866776461628497e+00 7.774650001010741107e-03
6.544984694978734918e-01 5.864306286700948334e+00 9.182480000163195655e-03
6.544984694978734918e-01 6.073745796940268171e+00 1.060085999961302150e-02
7.853981633974481680e-01 0.000000000000000000e+00 1.123609000023861881e-02
7.853981633974481680e-01 1.847995678582231294e-01 1.178620000064256601e-02
7.853981633974481680e-01 3.695991357164462587e-01 1.275623000037739985e-02
7.853981633974481680e-01 5.543987035746693603e-01 1.459744000021601096e-02
7.853981633974481680e-01 7.391982714328925175e-01 1.690624999901046976e-02
7.853981633974481680e-01 9.239978392911156746e-01 1.967619000060949475e-02
7.853981633974481680e-01 1.108797407149338721e+00 2.164244999949005432e-02
7.853981633974481680e-01 1.293596975007561767e+00 2.144419000069319736e-02
7.853981633974481680e-01 1.478396542865784813e+00 2.004632000171113759e-02
7.853981633974481680e-01 1.663196110724007859e+00 1.920445999894582201e-02
7.853981633974481680e-01 1.847995678582230905e+00 1.948266999897896312e-02
7.853981633974481680e-01 2.032795246440453951e+00 1.826285999959509354e-02
7.853981633974481680e-01 2.217594814298676997e+00 1.371264999943377916e-02
7.853981633974481680e-01 2.402394382156900043e+00 7.940280000184429809e-03
7.853981633974481680e-01 2.587193950015123090e+00 4.321849999541882426e-03
7.853981633974481680e-01 2.771993517873346136e+00 3.603729999667848460e-03
7.853981633974481680e-01 2.956793085731569182e+00 5.261020000034477562e-03
7.853981633974481680e-01 3.141592653589792228e+00 7.438659999024821445e-03
7.853981633974481680e-01 3.326392221448015274e+00 8.280129999548080377e-03
7.853981633974481680e-01 3.511191789306238320e+00 6.991030000790487975e-03
7.853981633974481680e-01 3.695991357164461366e+00 5.430089999208576046e-03
7.853981633974481680e-01 3.880790925022684412e+00 4.869570000664680265e-03
7.853981633974481680e-01 4.065590492880907902e+00 5.430019999039359391e-03
7.853981633974481680e-01 4.250390060739131393e+00 6.409809999240678735e-03
7.853981633974481680e-01 4.435189628597354883e+00 7.416689999445225112e-03
7.853981633974481680e-01 4.619989196455578373e+00 8.416599999691243283e-03
7.853981633974481680e-01 4.804788764313801863e+00 9.682890000476618297e-03
7.853981633974481680e-01 4.989588332172025353e+00 1.082262999989325181e-02
7.853981633974481680e-01 5.174387900030248844e+00 1.131634999910602346e-02
7.853981633974481680e-01 5.359187467888472334e+00 1.192857000023650471e-02
7.853981633974481680e-01 5.543987035746695824e+00 1.316057000076398253e-02
7.853981633974481680e-01 5.728786603604919314e+00 1.507006999963778071e-02
7.853981633974481680e-01 5.913586171463142804e+00 1.758329999938723631e-02
7.853981633974481680e-01 6.098385739321366295e+00 2.030673999979626387e-02
9.162978572970228441e-01 0.000000000000000000e+00 2.178164999895670917e-02
9.162978572970228441e-01 1.611073155687073322e-01 2.181233000010251999e-02
9.162978572970228441e-01 3.222146311374146643e-01 2.122576000147091690e-02
9.162978572970228441e-01 4.833219467061219965e-01 2.098422000017308164e-02
9.162978572970228441e-01 6.444292622748293287e-01 2.159143999961088412e-02
9.162978572970228441e-01 8.055365778435366053e-01 2.159433999986504205e-02
9.162978572970228441e-01 9.666438934122438820e-01 1.924270999916188885e-02
9.162978572970228441e-01 1.127751208980951159e+00 1.474253999913344160e-02
9.162978572970228441e-01 1.288858524549658435e+00 1.005192999946302734e-02
9.162978572970228441e-01 1.449965840118365712e+00 7.150949999413569458e-03
9.162978572970228441e-01 1.611073155687072989e+00 6.771599999410682358e-03
9.162978572970228441e-01 1.772180471255780265e+00 8.133850000376696698e-03
9.162978572970228441e-01 1.933287786824487542e+00 9.751969999342691153e-03
9.162978572970228441e-01 2.094395102393194819e+00 9.859789999609347433e-03
9.162978572970228441e-01 2.255502417961902317e+00 8.007050000742310658e-03
9.162978572970228441e-01 2.416609733530609816e+00 6.079470000258879736e-03
9.162978572970228441e-01 2.577717049099317315e+00 5.103309998958138749e-03
9.162978572970228441e-01 2.738824364668024813e+00 5.537279999771271832e-03
9.162978572970228441e-01 2.899931680236732312e+00 6.645199999184114859e-03
9.162978572970228441e-01 3.061038995805439811e+00 7.840650001526228152e-03
9.162978572970228441e-01 3.222146311374147309e+00 8.806849999018595554e-03
9.162978572970228441e-01 3.383253626942854808e+00 9.793190001801121980e-03
9.162978572970228441e-01 3.544360942511562307e+00 1.084644999900774565e-02
9.162978572970228441e-01 3.705468258080269806e+00 1.158159999977215193e-02
9.162978572970228441e-01 3.866575573648977304e+00 1.179158000013558194e-02
9.162978572970228441e-01 4.027682889217684803e+00 1.218378000157827046e-02
9.162978572970228441e-01 4.188790204786392302e+00 1.320782999937364366e-02
9.162978572970228441e-01 4.349897520355099800e+00 1.498829000047408044e-02
9.162978572970228441e-01 4.511004835923807299e+00 1.723461999972641934e-02
9.162978572970228441e-01 4.672112151492514798e+00 1.967283000158204231e-02
9.162978572970228441e-01 4.833219467061222296e+00 2.152234999994107056e-02
9.162978572970228441e-01 4.994326782629929795e+00 2.194174999931419734e-02
9.162978572970228441e-01 5.155434098198637294e+00 2.140151000094192568e-02
9.162978572970228441e-01 5.316541413767344793e+00 2.096480000000155997e-02
9.162978572970228441e-01 5.477648729336052291e+00 2.141176999975868966e-02
9.162978572970228441e-01 5.638756044904759790e+00 2.174462999937532004e-02
9.162978572970228441e-01 5.799863360473467289e+00 2.018655999927432276e-02
9.162978572970228441e-01 5.960970676042174787e+00 1.615022000078170095e-02
9.162978572970228441e-01 6.122077991610882286e+00 1.124442000036651734e-02
1.047197551196597631e+00 0.000000000000000000e+00 7.944970000608009286e-03
1.047197551196597631e+00 1.495996501709425386e-01 6.706870000925846398e-03
1.047197551196597631e+00 2.991993003418850772e-01 7.415840000248863362e-03
1.047197551196597631e+00 4.487989505128275880e-01 9.024339999086805619e-03
1.047197551196597631e+00 5.983986006837701543e-01 1.021631999901728705e-02
1.047197551196597631e+00 7.479982508547127207e-01 9.585699997842311859e-03
1.047197551196597631e+00 8.975979010256552870e-01 7.687119999900460243e-03
1.047197551196597631e+00 1.047197551196597853e+00 5.882350000320002437e-03
1.047197551196597631e+00 1.196797201367540309e+00 5.296710000038729049e-03
1.047197551196597631e+00 1.346396851538482764e+00 5.752799999754643068e-03
1.047197551196597631e+00 1.495996501709425219e+00 6.915379997735726647e-03
1.047197551196597631e+00 1.645596151880367675e+00 8.041220000450266525e-03
1.047197551196597631e+00 1.795195802051310130e+00 9.181650000755325891e-03
1.047197551196597631e+00 1.944795452222252585e+00 1.039705000221147202e-02
1.047197551196597631e+00 2.094395102393195263e+00 1.164301999961026013e-02
1.047197551196597631e+00 2.243994752564137940e+00 1.257998999972187448e-02
1.047197551196597631e+00 2.393594402735080617e+00 1.302208000015525613e-02
1.047197551196597631e+00 2.543194052906023295e+00 1.369423000141978264e-02
1.047197551196597631e+00 2.692793703076965972e+00 1.492598999902838841e-02
1.047197551196597631e+00 2.842393353247908649e+00 1.688595999985409435e-02
1.047197551196597631e+00 2.991993003418851327e+00 1.937485000053129625e-02
1.047197551196597631e+00 3.141592653589794004e+00 2.217663000010361429e-02
1.047197551196597631e+00 3.291192303760736682e+00 2.427734999946551397e-02
1.047197551196597631e+00 3.440791953931679359e+00 2.463080000052286778e-02
1.047197551196597631e+00 3.590391604102622036e+00 2.361612999993667472e-02
1.047197551196597631e+00 3.739991254273564714e+00 2.238292000038200058e-02
1.047197551196597631e+00 3.889590904444507391e+00 2.194724999935715459e-02
1.047197551196597631e+00 4.039190554615450068e+00 2.215966000039770734e-02
1.047197551196597631e+00 4.188790204786392302e+00 2.143586000056529883e-02
1.047197551196597631e+00 4.338389854957334535e+00 1.849996999953873456e-02
1.047197551196597631e+00 4.487989505128276768e+00 1.403686999947240110e-02
1.047197551196597631e+00 4.637589155299219001e+00 9.778319999895757064e-03
1.047197551196597631e+00 4.787188805470161235e+00 7.180960001278435811e-03
1.047197551196597631e+00 4.936788455641103468e+00 6.805259999964619055e-03
1.047197551196597631e+00 5.086388105812045701e+00 7.986319998963153921e-03
1.047197551196597631e+00 5.235987755982987935e+00 9.632330000385991298e-03
1.047197551196597631e+00 5.385587406153930168e+00 1.022645000011834782e-02
1.047197551196597631e+00 5.535187056324872401e+00 8.912379998946562409e-03
1.047197551196597631e+00 5.684786706495814634e+00 6.971229999180650339e-03
1.047197551196597631e+00 5.834386356666756868e+00 5.450540000310866162e-03
1.047197551196597631e+00 5.983986006837699101e+00 5.410960000517661683e-03
1.047197551196597631e+00 6.133585657008641334e+00 6.120309999460005201e-03
1.178097245096172418e+00 0.000000000000000000e+00 7.298179998542764224e-03
1.178097245096172418e+00 1.396263401595463638e-01 8.230830000684363768e-03
1.178097245096172418e+00 2.792526803190927276e-01 9.368439999889233150e-03
1.178097245096172418e+00 4.188790204786391191e-01 1.063543000236677472e-02
1.178097245096172418e+00 5.585053606381854552e-01 1.198784000007435679e-02
1.178097245096172418e+00 6.981317007977317912e-01 1.306027000100584701e-02
1.178097245096172418e+00 8.377580409572781273e-01 1.385230999949271791e-02
1.178097245096172418e+00 9.773843811168244633e-01 1.498078999975405168e-02
1.178097245096172418e+00 1.117010721276370910e+00 1.669322000088868663e-02
1.178097245096172418e+00 1.256637061435917246e+00 1.899256000251625665e-02
1.178097245096172418e+00 1.396263401595463582e+00 2.198897000016586389e-02
1.178097245096172418e+00 1.535889741755009918e+00 2.558424999915587250e-02
1.178097245096172418e+00 1.675516081914556255e+00 2.903935999893292319e-02
1.178097245096172418e+00 1.815142422074102591e+00 3.066985999976168387e-02
1.178097245096172418e+00 1.954768762233648927e+00 3.029535000132455025e-02
1.178097245096172418e+00 2.094395102393195263e+00 2.877841999907104764e-02
1.178097245096172418e+00 2.234021442552741821e+00 2.738162000241572969e-02
1.178097245096172418e+00 2.373647782712288379e+00 2.664295999966270756e-02
1.178097245096172418e+00 2.513274122871834937e+00 2.545531999930972233e-02
1.178097245096172418e+00 2.652900463031381495e+00 2.269049999995331746e-02
1.178097245096172418e+00 2.792526803190928053e+00 1.825628999904438388e-02
1.178097245096172418e+00 2.932153143350474611e+00 1.355818999945768155e-02
1.178097245096172418e+00 3.071779483510021169e+00 9.970490000341669656e-03
1.178097245096172418e+00 3.211405823669567727e+00 8.378660000744275749e-03
1.178097245096172418e+00 3.351032163829114285e+00 8.618690000730566680e-03
1.178097245096172418e+00 3.490658503988660843e+00 9.733679999044397846e-03
1.178097245096172418e+00 3.630284844148207402e+00 1.059410999914689455e-02
1.178097245096172418e+00 3.769911184307753960e+00 1.004188000115391333e-02
1.178097245096172418e+00 3.909537524467300518e+00 8.198249999622930773e-03
1.178097245096172418e+00 4.049163864626846632e+00 6.379459999152459204e-03
1.178097245096172418e+00 4.188790204786393190e+00 5.320950000168522820e-03
1.178097245096172418e+00 4.328416544945939748e+00 5.517449999388190918e-03
1.178097245096172418e+00 4.468042885105486306e+00 6.288060001679696143e-03
1.178097245096172418e+00 4.607669225265032864e+00 7.460560000254190527e-03
1.178097245096172418e+00 4.747295565424579422e+00 8.399119999012327753e-03
1.178097245096172418e+00 4.886921905584125980e+00 9.565580001435591839e-03
1.178097245096172418e+00 5.026548245743672538e+00 1.084126999921863899e-02
1.178097245096172418e+00 5.166174585903219096e+00 1.219049999963317532e-02
1.178097245096172418e+00 5.305800926062765654e+00 1.319474000047193840e-02
1.178097245096172418e+00 5.445427266222312213e+00 1.400178000221785624e-02
1.178097245096172418e+00 5.585053606381858771e+00 1.520406000054208562e-02
1.178097245096172418e+00 5.724679946541405329e+00 1.701510999919264577e-02
1.178097245096172418e+00 5.864306286700951887e+00 1.940493999973114114e-02
1.178097245096172418e+00 6.003932626860498445e+00 2.253912000014679506e-02
1.178097245096172418e+00 6.143558967020045003e+00 2.618344999973487575e-02
1.308996938995747206e+00 0.000000000000000000e+00 2.932576000057451893e-02
1.308996938995747206e+00 1.336847937697784316e-01 3.074718000061693601e-02
1.308996938995747206e+00 2.673695875395568633e-01 3.051722999953199178e-02
1.308996938995747206e+00 4.010543813093352949e-01 2.932834999955957755e-02
1.308996938995747206e+00 5.347391750791137266e-01 2.827955999964615330e-02
1.308996938995747206e+00 6.684239688488922138e-01 2.770722000059322454e-02
1.308996938995747206e+00 8.021087626186707009e-01 2.671689999988302588e-02
1.308996938995747206e+00 9.357935563884491881e-01 2.432049000162805896e-02
1.308996938995747206e+00 1.069478350158227675e+00 2.029629999924509320e-02
1.308996938995747206e+00 1.203163143928006162e+00 1.581696999892301392e-02
1.308996938995747206e+00 1.336847937697784650e+00 1.209372000084840693e-02
1.308996938995747206e+00 1.470532731467563137e+00 1.008987000022898428e-02
1.308996938995747206e+00 1.604217525237341624e+00 9.826350000366801396e-03
1.308996938995747206e+00 1.737902319007120111e+00 1.053988999956345651e-02
1.308996938995747206e+00 1.871587112776898598e+00 1.124991000142472330e-02
1.308996938995747206e+00 2.005271906546676863e+00 1.086042999850178603e-02
1.308996938995747206e+00 2.138956700316455350e+00 9.113370000704890117e-03
1.308996938995747206e+00 2.272641494086233838e+00 7.109789999958593398e-03
1.308996938995747206e+00 2.406326287856012325e+00 5.733809999583172612e-03
1.308996938995747206e+00 2.540011081625790812e+00 5.640920000587357208e-03
1.308996938995747206e+00 2.673695875395569299e+00 6.242209999982151203e-03
1.308996938995747206e+00 2.807380669165347786e+00 7.388570000330219045e-03
1.308996938995747206e+00 2.941065462935126273e+00 8.402499999647261575e-03
1.308996938995747206e+00 3.074750256704904761e+00 9.446360001675202511e-03
1.308996938995747206e+00 3.208435050474683248e+00 1.059300999986589886e-02
1.308996938995747206e+00 3.342119844244461735e+00 1.182673000039358158e-02
1.308996938995747206e+00 3.475804638014240222e+00 1.291067999954975676e-02
1.308996938995747206e+00 3.609489431784018709e+00 1.365113999963796232e-02
1.308996938995747206e+00 3.743174225553797196e+00 1.459862000046996400e-02
1.308996938995747206e+00 3.876859019323575684e+00 1.606553000056010205e-02
1.308996938995747206e+00 4.010543813093353727e+00 1.814288999958080240e-02
1.308996938995747206e+00 4.144228606863132214e+00 2.077146999909018632e-02
1.308996938995747206e+00 4.277913400632910701e+00 2.406709000206319615e-02
1.308996938995747206e+00 4.411598194402689188e+00 2.761076000206230674e-02
1.308996938995747206e+00 4.545282988172467675e+00 3.014280999923357740e-02
1.308996938995747206e+00 4.678967781942246162e+00 3.079608000007283408e-02
1.308996938995747206e+00 4.812652575712024650e+00 3.012146000037319027e-02
1.308996938995747206e+00 4.946337369481803137e+00 2.882605000013427343e-02
1.308996938995747206e+00 5.080022163251581624e+00 2.805957000055059325e-02
1.308996938995747206e+00 5.213706957021360111e+00 2.738524000051256735e-02
1.308996938995747206e+00 5.347391750791138598e+00 2.598527999907673802e-02
1.308996938995747206e+00 5.481076544560917085e+00 2.284598999904119410e-02
1.308996938995747206e+00 5.614761338330695573e+00 1.844811000046320260e-02
1.308996938995747206e+00 5.748446132100474060e+00 1.414647999990847893e-02
1.308996938995747206e+00 5.882130925870252547e+00 1.101589000063540880e-02
1.308996938995747206e+00 6.015815719640031034e+00 9.826640000028419308e-03
1.308996938995747206e+00 6.149500513409809521e+00 1.006348000009893440e-02
1.439896632895321993e+00 0.000000000000000000e+00 1.088838999748986680e-02
1.439896632895321993e+00 1.308996938995747039e-01 1.127839000037056394e-02
1.439896632895321993e+00 2.617993877991494078e-01 1.036279000072681811e-02
1.439896632895321993e+00 3.926990816987241395e-01 8.478660000037052669e-03
1.439896632895321993e+00 5.235987755982988157e-01 6.594009999389527366e-03
1.439896632895321993e+00 6.544984694978734918e-01 5.608920000668149441e-03
1.439896632895321993e+00 7.853981633974481680e-01 5.756549999205162749e-03
1.439896632895321993e+00 9.162978572970228441e-01 6.519239999761339277e-03
1.439896632895321993e+00 1.047197551196597631e+00 7.659090000743162818e-03
1.439896632895321993e+00 1.178097245096172418e+00 8.628510000562528148e-03
1.439896632895321993e+00 1.308996938995747206e+00 9.770180000487016514e-03
1.439896632895321993e+00 1.439896632895321993e+00 1.100726000004215166e-02
1.439896632895321993e+00 1.570796326794896780e+00 1.231804000053671189e-02
1.439896632895321993e+00 1.701696020694471567e+00 1.338629999918339308e-02
1.439896632895321993e+00 1.832595714594046354e+00 1.424737000161258038e-02
1.439896632895321993e+00 1.963495408493621142e+00 1.549159000023792032e-02
1.439896632895321993e+00 2.094395102393195707e+00 1.730424999914248474e-02
1.439896632895321993e+00 2.225294796292770272e+00 1.970898999934433959e-02
1.439896632895321993e+00 2.356194490192344837e+00 2.276333999907365069e-02
1.439896632895321993e+00 2.487094184091919402e+00 2.644594999947003089e-02
1.439896632895321993e+00 2.617993877991493967e+00 3.016738999940571375e-02
1.439896632895321993e+00 2.748893571891068532e+00 3.241374000026553404e-02
1.439896632895321993e+00 2.879793265790643098e+00 3.254421000019647181e-02
1.439896632895321993e+00 3.010692959690217663e+00 3.132705999996687751e-02
1.439896632895321993e+00 3.141592653589792228e+00 2.965503999985230621e-02
1.439896632895321993e+00 3.272492347489366793e+00 2.865290999943681527e-02
1.439896632895321993e+00 3.403392041388941358e+00 2.767485999902419280e-02
1.439896632895321993e+00 3.534291735288515923e+00 2.591788000063388608e-02
1.439896632895321993e+00 3.665191429188090488e+00 2.249095000115630683e-02
1.439896632895321993e+00 3.796091123087665054e+00 1.802897000015946105e-02
1.439896632895321993e+00 3.926990816987239619e+00 1.382491999902413227e-02
1.439896632895321993e+00 4.057890510886814184e+00 1.087198999994143378e-02
1.439896632895321993e+00 4.188790204786388749e+00 9.817180000027292408e-03
1.439896632895321993e+00 4.319689898685963314e+00 1.009599999997590203e-02
1.439896632895321993e+00 4.450589592585537879e+00 1.092760000028647482e-02
1.439896632895321993e+00 4.581489286485112444e+00 1.127147999977751169e-02
1.439896632895321993e+00 4.712388980384687009e+00 1.028455000050598755e-02
1.439896632895321993e+00 4.843288674284261575e+00 8.386120001887320541e-03
1.439896632895321993e+00 4.974188368183836140e+00 6.522100000438513234e-03
1.439896632895321993e+00 5.105088062083410705e+00 5.594629998086020350e-03
1.439896632895321993e+00 5.235987755982985270e+00 5.774850000307196751e-03
1.439896632895321993e+00 5.366887449882559835e+00 6.569600000148057006e-03
1.439896632895321993e+00 5.497787143782134400e+00 7.710030000453116372e-03
1.439896632895321993e+00 5.628686837681708965e+00 8.675279999806662090e-03
1.439896632895321993e+00 5.759586531581283531e+00 9.826739998970879242e-03
1.439896632895321993e+00 5.890486225480858096e+00 1.106802000140305609e-02
1.439896632895321993e+00 6.021385919380432661e+00 1.237778999893635046e-02
1.439896632895321993e+00 6.152285613280007226e+00 1.342834999923070427e-02
1.570796326794896780e+00 0.000000000000000000e+00 1.429280999946058728e-02
1.570796326794896780e+00 1.308996938995747039e-01 1.556164000248827506e-02
1.570796326794896780e+00 2.617993877991494078e-01 1.740357999915431719e-02
1.570796326794896780e+00 3.926990816987241395e-01 1.983597999969788361e-02
1.570796326794896780e+00 5.235987755982988157e-01 2.292764000048919115e-02
1.570796326794896780e+00 6.544984694978734918e-01 2.662769000016851351e-02
1.570796326794896780e+00 7.853981633974481680e-01 3.031750999980431516e-02
1.570796326794896780e+00 9.162978572970228441e-01 3.246276999925612472e-02
1.570796326794896780e+00 1.047197551196597631e+00 3.251203000218083616e-02
1.570796326794896780e+00 1.178097245096172418e+00 3.124453999953402672e-02
1.570796326794896780e+00 1.308996938995747206e+00 2.959025000200199429e-02
1.570796326794896780e+00 1.439896632895321993e+00 2.861237999968579970e-02
1.570796326794896780e+00 1.570796326794896780e+00 2.761999000176729169e-02
1.570796326794896780e+00 1.701696020694471567e+00 2.579464999871561304e-02
1.570796326794896780e+00 1.832595714594046354e+00 2.229695999994874001e-02
1.570796326794896780e+00 1.963495408493621142e+00 1.782180000191146974e-02
1.570796326794896780e+00 2.094395102393195707e+00 1.365167000039946288e-02
1.570796326794896780e+00 2.225294796292770272e+00 1.077864000035333447e-02
1.570796326794896780e+00 2.356194490192344837e+00 9.803880000617937185e-03
1.570796326794896780e+00 2.487094184091919402e+00 1.012975000230653677e-02
1.570796326794896780e+00 2.617993877991493967e+00 1.096469999902183190e-02
1.570796326794896780e+00 2.748893571891068532e+00 1.126210000074934214e-02
1.570796326794896780e+00 2.879793265790643098e+00 1.020405999952345155e-02
1.570796326794896780e+00 3.010692959690217663e+00 8.293960001537925564e-03
1.570796326794896780e+00 3.141592653589792228e+00 6.452040001022396609e-03
1.570796326794896780e+00 3.272492347489366793e+00 5.583379999734461308e-03
1.570796326794896780e+00 3.403392041388941358e+00 5.794409998998162337e-03
1.570796326794896780e+00 3.534291735288515923e+00 6.620000000111758709e-03
1.570796326794896780e+00 3.665191429188090488e+00 7.760200000120676123e-03
1.570796326794896780e+00 3.796091123087665054e+00 8.722630000193021260e-03
1.570796326794896780e+00 3.926990816987239619e+00 9.883569999146857299e-03
1.570796326794896780e+00 4.057890510886814184e+00 1.112850999925285578e-02
1.570796326794896780e+00 4.188790204786388749e+00 1.243667000017012469e-02
1.570796326794896780e+00 4.319689898685963314e+00 1.346976000058930367e-02
1.570796326794896780e+00 4.450589592585537879e+00 1.433910000014293473e-02
1.570796326794896780e+00 4.581489286485112444e+00 1.563281999915488996e-02
1.570796326794896780e+00 4.712388980384687009e+00 1.750349000030837487e-02
1.570796326794896780e+00 4.843288674284261575e+00 1.996349000000918750e-02
1.570796326794896780e+00 4.974188368183836140e+00 2.309369000067817979e-02
1.570796326794896780e+00 5.105088062083410705e+00 2.680958000019018073e-02
1.570796326794896780e+00 5.235987755982985270e+00 3.046374000041396357e-02
1.570796326794896780e+00 5.366887449882559835e+00 3.250661999845760874e-02
1.570796326794896780e+00 5.497787143782134400e+00 3.247761999955400825e-02
1.570796326794896780e+00 5.628686837681708965e+00 3.116093999960867222e-02
1.570796326794896780e+00 5.759586531581283531e+00 2.952795999954105355e-02
1.570796326794896780e+00 5.890486225480858096e+00 2.857253000001946930e-02
1.570796326794896780e+00 6.021385919380432661e+00 2.756305000002612360e-02
1.570796326794896780e+00 6.152285613280007226e+00 2.566714000022329856e-02
1.701696020694471567e+00 0.000000000000000000e+00 2.210018999721796717e-02
1.701696020694471567e+00 1.308996938995747039e-01 1.761487999829114415e-02
1.701696020694471567e+00 2.617993877991494078e-01 1.348202999724890105e-02
1.701696020694471567e+00 3.926990816987241395e-01 1.069009000093501527e-02
1.701696020694471567e+00 5.235987755982988157e-01 9.792580000066664070e-03
1.701696020694471567e+00 6.544984694978734918e-01 1.016499999968800694e-02
1.701696020694471567e+00 7.853981633974481680e-01 1.099984000029508024e-02
1.701696020694471567e+00 9.162978572970228441e-01 1.124965000053634867e-02
1.701696020694471567e+00 1.047197551196597631e+00 1.012205999904836062e-02
1.701696020694471567e+00 1.178097245096172418e+00 8.201930000723223202e-03
1.701696020694471567e+00 1.308996938995747206e+00 6.383879999702912755e-03
1.701696020694471567e+00 1.439896632895321993e+00 5.575470000621862710e-03
1.701696020694471567e+00 1.570796326794896780e+00 5.815389999042963609e-03
1.701696020694471567e+00 1.701696020694471567e+00 6.670869999652495608e-03
1.701696020694471567e+00 1.832595714594046354e+00 7.809540000380366109e-03
1.701696020694471567e+00 1.963495408493621142e+00 8.770890000960207544e-03
1.701696020694471567e+00 2.094395102393195707e+00 9.940419999111327343e-03
1.701696020694471567e+00 2.225294796292770272e+00 1.118872999904851895e-02
1.701696020694471567e+00 2.356194490192344837e+00 1.249413999903481454e-02
1.701696020694471567e+00 2.487094184091919402e+00 1.351178000004438218e-02
1.701696020694471567e+00 2.617993877991493967e+00 1.438631000019086059e-02
1.701696020694471567e+00 2.748893571891068532e+00 1.570494999941729475e-02
1.701696020694471567e+00 2.879793265790643098e+00 1.760432999981276225e-02
1.701696020694471567e+00 3.010692959690217663e+00 2.009209000061673578e-02
1.701696020694471567e+00 3.141592653589792228e+00 2.326116999938676599e-02
1.701696020694471567e+00 3.272492347489366793e+00 2.699110000139626209e-02
1.701696020694471567e+00 3.403392041388941358e+00 3.060585000093851704e-02
1.701696020694471567e+00 3.534291735288515923e+00 3.254586000002746005e-02
1.701696020694471567e+00 3.665191429188090488e+00 3.244016999997256789e-02
1.701696020694471567e+00 3.796091123087665054e+00 3.107654000086768065e-02
1.701696020694471567e+00 3.926990816987239619e+00 2.946820000033767428e-02
1.701696020694471567e+00 4.057890510886814184e+00 2.853296999819576740e-02
1.701696020694471567e+00 4.188790204786388749e+00 2.750426000056904741e-02
1.701696020694471567e+00 4.319689898685963314e+00 2.553559999978460837e-02
1.701696020694471567e+00 4.450589592585537879e+00 2.190080999935162254e-02
1.701696020694471567e+00 4.581489286485112444e+00 1.740810000046622008e-02
1.701696020694471567e+00 4.712388980384687009e+00 1.331661999938660301e-02
1.701696020694471567e+00 4.843288674284261575e+00 1.060630000210949220e-02
1.701696020694471567e+00 4.974188368183836140e+00 9.783089999473304488e-03
1.701696020694471567e+00 5.105088062083410705e+00 1.019973999973444734e-02
1.701696020694471567e+00 5.235987755982985270e+00 1.103300999966450036e-02
1.701696020694471567e+00 5.366887449882559835e+00 1.123370999994222075e-02
1.701696020694471567e+00 5.497787143782134400e+00 1.003900999967299867e-02
1.701696020694471567e+00 5.628686837681708965e+00 8.109410000542993657e-03
1.701696020694471567e+00 5.759586531581283531e+00 6.318649999229819514e-03
1.701696020694471567e+00 5.890486225480858096e+00 5.570519999309908599e-03
1.701696020694471567e+00 6.021385919380432661e+00 5.837700000483891927e-03
1.701696020694471567e+00 6.152285613280007226e+00 6.721440000546863303e-03
1.832595714594046354e+00 0.000000000000000000e+00 7.892659999924944714e-03
1.832595714594046354e+00 1.336847937697784316e-01 8.886610001354711130e-03
1.832595714594046354e+00 2.673695875395568633e-01 1.007406999997328967e-02
1.832595714594046354e+00 4.010543813093352949e-01 1.131010000062815379e-02
1.832595714594046354e+00 5.347391750791137266e-01 1.257335999980568886e-02
1.832595714594046354e+00 6.684239688488922138e-01 1.348130999940622132e-02
1.832595714594046354e+00 8.021087626186707009e-01 1.426562999949965160e-02
1.832595714594046354e+00 9.357935563884491881e-01 1.551619000019854866e-02
1.832595714594046354e+00 1.069478350158227675e+00 1.737338000020827167e-02
1.832595714594046354e+00 1.203163143928006162e+00 1.982296999995014630e-02
1.832595714594046354e+00 1.336847937697784650e+00 2.294475000235252082e-02
1.832595714594046354e+00 1.470532731467563137e+00 2.641145999950822443e-02
1.832595714594046354e+00 1.604217525237341624e+00 2.941831000134698115e-02
1.832595714594046354e+00 1.737902319007120111e+00 3.056974000173795503e-02
1.832595714594046354e+00 1.871587112776898598e+00 2.999642000031599309e-02
1.832595714594046354e+00 2.005271906546676863e+00 2.855791000001772773e-02
1.832595714594046354e+00 2.138956700316455350e+00 2.733470000021043234e-02
1.832595714594046354e+00 2.272641494086233838e+00 2.680139000040071551e-02
1.832595714594046354e+00 2.406326287856012325e+00 2.593307000097411219e-02
1.832595714594046354e+00 2.540011081625790812e+00 2.374473000054422300e-02
1.832595714594046354e+00 2.673695875395569299e+00 1.989363999928173143e-02
1.832595714594046354e+00 2.807380669165347786e+00 1.545887999964179471e-02
1.832595714594046354e+00 2.941065462935126273e+00 1.171130000147968531e-02
1.832595714594046354e+00 3.074750256704904761e+00 9.599949999028467573e-03
1.832595714594046354e+00 3.208435050474683248e+00 9.304810002504382282e-03
1.832595714594046354e+00 3.342119844244461735e+00 1.007501999993110076e-02
1.832595714594046354e+00 3.475804638014240222e+00 1.100419999966106843e-02
1.832595714594046354e+00 3.609489431784018709e+00 1.093699999910313636e-02
1.832595714594046354e+00 3.743174225553797196e+00 9.405689999766764231e-03
1.832595714594046354e+00 3.876859019323575684e+00 7.424060002449550666e-03
1.832595714594046354e+00 4.010543813093353727e+00 5.894209998587029986e-03
1.832595714594046354e+00 4.144228606863132214e+00 5.605189999187132344e-03
1.832595714594046354e+00 4.277913400632910701e+00 6.098570000176550820e-03
1.832595714594046354e+00 4.411598194402689188e+00 7.198999999673105776e-03
1.832595714594046354e+00 4.545282988172467675e+00 8.289740000691381283e-03
1.832595714594046354e+00 4.678967781942246162e+00 9.357769999041920528e-03
1.832595714594046354e+00 4.812652575712024650e+00 1.056108000011590775e-02
1.832595714594046354e+00 4.946337369481803137e+00 1.183499000035226345e-02
1.832595714594046354e+00 5.080022163251581624e+00 1.298305999989679549e-02
1.832595714594046354e+00 5.213706957021360111e+00 1.377474999935657252e-02
1.832595714594046354e+00 5.347391750791138598e+00 1.471947000027284957e-02
1.832595714594046354e+00 5.481076544560917085e+00 1.619880999896849971e-02
1.832595714594046354e+00 5.614761338330695573e+00 1.829766999981075060e-02
1.832595714594046354e+00 5.748446132100474060e+00 2.098350999949616380e-02
1.832595714594046354e+00 5.882130925870252547e+00 2.432512000086717308e-02
1.832595714594046354e+00 6.015815719640031034e+00 2.778935000060300808e-02
1.832595714594046354e+00 6.149500513409809521e+00 3.013602999999420717e-02
1.963495408493621142e+00 0.000000000000000000e+00 3.046399999948334880e-02
1.963495408493621142e+00 1.396263401595463638e-01 2.924005000204488169e-02
1.963495408493621142e+00 2.792526803190927276e-01 2.745843999946373515e-02
1.963495408493621142e+00 4.188790204786391191e-01 2.641536000010091811e-02
1.963495408493621142e+00 5.585053606381854552e-01 2.563388999988092110e-02
1.963495408493621142e+00 6.981317007977317912e-01 2.394877000006090384e-02
1.963495408493621142e+00 8.377580409572781273e-01 2.035337000052095391e-02
1.963495408493621142e+00 9.773843811168244633e-01 1.562034000198764261e-02
1.963495408493621142e+00 1.117010721276370910e+00 1.131865999923320487e-02
1.963495408493621142e+00 1.256637061435917246e+00 8.612929999799234793e-03
1.963495408493621142e+00 1.396263401595463582e+00 8.002349999514990486e-03
1.963495408493621142e+00 1.535889741755009918e+00 8.815949999188887887e-03
1.963495408493621142e+00 1.675516081914556255e+00 1.005699999950593337e-02
1.963495408493621142e+00 1.815142422074102591e+00 1.051510000070265960e-02
1.963495408493621142e+00 1.954768762233648927e+00 9.346409999125171453e-03
1.963495408493621142e+00 2.094395102393195263e+00 7.436609999786014669e-03
1.963495408493621142e+00 2.234021442552741821e+00 5.790600000182166696e-03
1.963495408493621142e+00 2.373647782712288379e+00 5.326149999746121466e-03
1.963495408493621142e+00 2.513274122871834937e+00 5.737370000133523718e-03
1.963495408493621142e+00 2.652900463031381495e+00 6.776270000045769848e-03
1.963495408493621142e+00 2.792526803190928053e+00 7.838150002498878166e-03
1.963495408493621142e+00 2.932153143350474611e+00 8.896710000044549815e-03
1.963495408493621142e+00 3.071779483510021169e+00 1.017468999998527579e-02
1.963495408493621142e+00 3.211405823669567727e+00 1.151217999904474709e-02
1.963495408493621142e+00 3.351032163829114285e+00 1.277902999936486594e-02
1.963495408493621142e+00 3.490658503988660843e+00 1.365169000200694427e-02
1.963495408493621142e+00 3.630284844148207402e+00 1.463546000013593584e-02
1.963495408493621142e+00 3.769911184307753960e+00 1.612143000056676101e-02
1.963495408493621142e+00 3.909537524467300518e+00 1.823160999992978759e-02
1.963495408493621142e+00 4.049163864626846632e+00 2.097076000063680112e-02
1.963495408493621142e+00 4.188790204786393190e+00 2.445411999906355049e-02
1.963495408493621142e+00 4.328416544945939748e+00 2.810001999932865147e-02
1.963495408493621142e+00 4.468042885105486306e+00 3.033916999993380159e-02
1.963495408493621142e+00 4.607669225265032864e+00 3.033426000001782086e-02
1.963495408493621142e+00 4.747295565424579422e+00 2.895978000015020370e-02
1.963495408493621142e+00 4.886921905584125980e+00 2.722708000146667473e-02
1.963495408493621142e+00 5.026548245743672538e+00 2.632031000030110590e-02
1.963495408493621142e+00 5.166174585903219096e+00 2.545572000053653028e-02
1.963495408493621142e+00 5.305800926062765654e+00 2.350465000017720740e-02
1.963495408493621142e+00 5.445427266222312213e+00 1.965003999976033811e-02
1.963495408493621142e+00 5.585053606381858771e+00 1.488602999961585738e-02
1.963495408493621142e+00 5.724679946541405329e+00 1.076809999904071447e-02
1.963495408493621142e+00 5.864306286700951887e+00 8.371440000701113604e-03
1.963495408493621142e+00 6.003932626860498445e+00 8.058989998971810564e-03
1.963495408493621142e+00 6.143558967020045003e+00 9.008089999042567797e-03
2.094395102393195707e+00 0.000000000000000000e+00 1.029612999991513789e-02
2.094395102393195707e+00 1.495996501709425386e-01 1.033330999962345231e-02
2.094395102393195707e+00 2.991993003418850772e-01 8.605310000348254107e-03
2.094395102393195707e+00 4.487989505128275880e-01 6.604369998967740685e-03
2.094395102393195707e+00 5.983986006837701543e-01 5.301900000631576404e-03
2.094395102393195707e+00 7.479982508547127207e-01 5.459719999635126442e-03
2.094395102393195707e+00 8.975979010256552870e-01 6.299840000792755745e-03
2.094395102393195707e+00 1.047197551196597853e+00 7.593560001623700373e-03
2.094395102393195707e+00 1.196797201367540309e+00 8.509819999744649976e-03
2.094395102393195707e+00 1.346396851538482764e+00 9.556380000503850169e-03
2.094395102393195707e+00 1.495996501709425219e+00 1.060931999927561264e-02
2.094395102393195707e+00 1.645596151880367675e+00 1.175254000190761872e-02
2.094395102393195707e+00 1.795195802051310130e+00 1.237211999978171661e-02
2.094395102393195707e+00 1.944795452222252585e+00 1.279163000072003342e-02
2.094395102393195707e+00 2.094395102393195263e+00 1.355321000119147357e-02
2.094395102393195707e+00 2.243994752564137940e+00 1.509049000014783815e-02
2.094395102393195707e+00 2.393594402735080617e+00 1.709105999907478690e-02
2.094395102393195707e+00 2.543194052906023295e+00 1.971588000014889985e-02
2.094395102393195707e+00 2.692793703076965972e+00 2.254754000023240224e-02
2.094395102393195707e+00 2.842393353247908649e+00 2.462584000022616237e-02
2.094395102393195707e+00 2.991993003418851327e+00 2.516366000236303080e-02
2.094395102393195707e+00 3.141592653589794004e+00 2.471182000044791494e-02
2.094395102393195707e+00 3.291192303760736682e+00 2.408260000083828345e-02
2.094395102393195707e+00 3.440791953931679359e+00 2.413345000059052836e-02
2.094395102393195707e+00 3.590391604102622036e+00 2.401567999913822860e-02
2.094395102393195707e+00 3.739991254273564714e+00 2.241909999975177925e-02
2.094395102393195707e+00 3.889590904444507391e+00 1.859598000010009855e-02
2.094395102393195707e+00 4.039190554615450068e+00 1.380647000041790307e-02
2.094395102393195707e+00 4.188790204786392302e+00 9.882439999273628928e-03
2.094395102393195707e+00 4.338389854957334535e+00 7.999069999641506001e-03
2.094395102393195707e+00 4.487989505128276768e+00 8.244819999163155444e-03
2.094395102393195707e+00 4.637589155299219001e+00 9.536050001770490780e-03
2.094395102393195707e+00 4.787188805470161235e+00 1.052621000053477474e-02
2.094395102393195707e+00 4.936788455641103468e+00 9.831719999056076631e-03
2.094395102393195707e+00 5.086388105812045701e+00 7.788419999997131526e-03
2.094395102393195707e+00 5.235987755982987935e+00 5.966020000414573587e-03
2.094395102393195707e+00 5.385587406153930168e+00 5.229919999692356214e-03
2.094395102393195707e+00 5.535187056324872401e+00 5.700289999367669225e-03
2.094395102393195707e+00 5.684786706495814634e+00 6.786590000046999194e-03
2.094395102393195707e+00 5.834386356666756868e+00 7.930669999041128904e-03
2.094395102393195707e+00 5.983986006837699101e+00 8.911529999750200659e-03
2.094395102393195707e+00 6.133585657008641334e+00 9.959269998944364488e-03
2.225294796292770272e+00 0.000000000000000000e+00 1.112108999950578436e-02
2.225294796292770272e+00 1.611073155687073322e-01 1.201379999838536605e-02
2.225294796292770272e+00 3.222146311374146643e-01 1.228402999913669191e-02
2.225294796292770272e+00 4.833219467061219965e-01 1.266806000239739660e-02
2.225294796292770272e+00 6.444292622748293287e-01 1.359708000018144958e-02
2.225294796292770272e+00 8.055365778435366053e-01 1.540165999904274940e-02
2.225294796292770272e+00 9.666438934122438820e-01 1.766370999939681496e-02
2.225294796292770272e+00 1.127751208980951159e+00 2.004144000056840014e-02
2.225294796292770272e+00 1.288858524549658435e+00 2.144880000014381949e-02
2.225294796292770272e+00 1.449965840118365712e+00 2.119180000045162160e-02
2.225294796292770272e+00 1.611073155687072989e+00 1.995618000000831671e-02
2.225294796292770272e+00 1.772180471255780265e+00 1.909605000037117861e-02
2.225294796292770272e+00 1.933287786824487542e+00 1.940692999960447196e-02
2.225294796292770272e+00 2.094395102393194819e+00 1.989716999923984986e-02
2.225294796292770272e+00 2.255502417961902317e+00 1.852440000220667571e-02
2.225294796292770272e+00 2.416609733530609816e+00 1.472547999946982600e-02
2.225294796292770272e+00 2.577717049099317315e+00 9.949639999831560999e-03
2.225294796292770272e+00 2.738824364668024813e+00 6.589090000488795340e-03
2.225294796292770272e+00 2.899931680236732312e+00 5.463289999170228839e-03
2.225294796292770272e+00 3.061038995805439811e+00 6.481689999418449588e-03
2.225294796292770272e+00 3.222146311374147309e+00 8.446109999567852356e-03
2.225294796292770272e+00 3.383253626942854808e+00 9.780459999092272483e-03
2.225294796292770272e+00 3.544360942511562307e+00 8.954700000685988925e-03
2.225294796292770272e+00 3.705468258080269806e+00 7.008639999185106717e-03
2.225294796292770272e+00 3.866575573648977304e+00 5.377690000386792235e-03
2.225294796292770272e+00 4.027682889217684803e+00 5.274720000670640729e-03
2.225294796292770272e+00 4.188790204786392302e+00 6.039899997631437145e-03
2.225294796292770272e+00 4.349897520355099800e+00 7.405860000289976597e-03
2.225294796292770272e+00 4.511004835923807299e+00 8.451229999991483055e-03
2.225294796292770272e+00 4.672112151492514798e+00 9.630070000639534555e-03
2.225294796292770272e+00 4.833219467061222296e+00 1.076710000052116811e-02
2.225294796292770272e+00 4.994326782629929795e+00 1.184619999912683852e-02
2.225294796292770272e+00 5.155434098198637294e+00 1.223824000044260174e-02
2.225294796292770272e+00 5.316541413767344793e+00 1.254157000039413106e-02
2.225294796292770272e+00 5.477648729336052291e+00 1.321862999975564890e-02
2.225294796292770272e+00 5.638756044904759790e+00 1.485779999893566128e-02
2.225294796292770272e+00 5.799863360473467289e+00 1.694089999909920152e-02
2.225294796292770272e+00 5.960970676042174787e+00 1.944706000176665839e-02
2.225294796292770272e+00 6.122077991610882286e+00 2.121776000058162026e-02
2.356194490192344837e+00 0.000000000000000000e+00 2.121875000011641532e-02
2.356194490192344837e+00 1.847995678582231294e-01 1.935568000044440851e-02
2.356194490192344837e+00 3.695991357164462587e-01 1.780476000203634612e-02
2.356194490192344837e+00 5.543987035746693603e-01 1.786412999899766874e-02
2.356194490192344837e+00 7.391982714328925175e-01 1.783468000030552503e-02
2.356194490192344837e+00 9.239978392911156746e-01 1.460434000000532251e-02
2.356194490192344837e+00 1.108797407149338721e+00 9.138100000200211070e-03
2.356194490192344837e+00 1.293596975007561767e+00 4.527560000497032888e-03
2.356194490192344837e+00 1.478396542865784813e+00 2.839340000718948431e-03
2.356194490192344837e+00 1.663196110724007859e+00 3.684250001242617145e-03
2.356194490192344837e+00 1.847995678582230905e+00 5.984260000332142226e-03
2.356194490192344837e+00 2.032795246440453951e+00 7.897250001406064257e-03
2.356194490192344837e+00 2.217594814298676997e+00 7.713499999226769432e-03
2.356194490192344837e+00 2.402394382156900043e+00 6.146809999336255714e-03
2.356194490192344837e+00 2.587193950015123090e+00 5.056800000602379441e-03
2.356194490192344837e+00 2.771993517873346136e+00 5.066489999080658890e-03
2.356194490192344837e+00 2.956793085731569182e+00 5.864660000952426344e-03
2.356194490192344837e+00 3.141592653589792228e+00 6.980150001254514791e-03
2.356194490192344837e+00 3.326392221448015274e+00 8.045279999350896105e-03
2.356194490192344837e+00 3.511191789306238320e+00 9.365480000269599259e-03
2.356194490192344837e+00 3.695991357164461366e+00 1.080671999989135657e-02
2.356194490192344837e+00 3.880790925022684412e+00 1.167447999796422664e-02
2.356194490192344837e+00 4.065590492880907902e+00 1.216243000089889392e-02
2.356194490192344837e+00 4.250390060739131393e+00 1.292943000044033397e-02
2.356194490192344837e+00 4.435189628597354883e+00 1.461964999907650054e-02
2.356194490192344837e+00 4.619989196455578373e+00 1.686567000069771893e-02
2.356194490192344837e+00 4.804788764313801863e+00 1.967128999967826530e-02
2.356194490192344837e+00 4.989588332172025353e+00 2.145096999993256759e-02
2.356194490192344837e+00 5.174387900030248844e+00 2.085208000062266365e-02
2.356194490192344837e+00 5.359187467888472334e+00 1.888322999911906663e-02
2.356194490192344837e+00 5.543987035746695824e+00 1.768007999817200471e-02
2.356194490192344837e+00 5.728786603604919314e+00 1.799685000150930136e-02
2.356194490192344837e+00 5.913586171463142804e+00 1.739495000038004946e-02
2.356194490192344837e+00 6.098385739321366295e+00 1.338243999998667277e-02
2.487094184091919402e+00 0.000000000000000000e+00 7.095900000422261655e-03
2.487094184091919402e+00 2.094395102393195318e-01 3.253999999287771061e-03
2.487094184091919402e+00 4.188790204786390636e-01 2.925540000433102250e-03
2.487094184091919402e+00 6.283185307179586232e-01 5.112099999678321183e-03
2.487094184091919402e+00 8.377580409572781273e-01 7.279870000274968334e-03
2.487094184091919402e+00 1.047197551196597631e+00 7.375049999609473161e-03
2.487094184091919402e+00 1.256637061435917246e+00 5.837569999130209908e-03
2.487094184091919402e+00 1.466076571675236861e+00 4.890250000244122930e-03
2.487094184091919402e+00 1.675516081914556477e+00 5.205470000873901881e-03
2.487094184091919402e+00 1.884955592153876092e+00 6.115980002505239099e-03
2.487094184091919402e+00 2.094395102393195707e+00 6.955400000151712447e-03
2.487094184091919402e+00 2.303834612632515100e+00 7.746859999315347522e-03
2.487094184091919402e+00 2.513274122871834493e+00 8.850629999869852327e-03
2.487094184091919402e+00 2.722713633111153886e+00 9.631810000428231433e-03
2.487094184091919402e+00 2.932153143350473279e+00 9.916180000800522976e-03
2.487094184091919402e+00 3.141592653589792672e+00 1.054107000163639896e-02
2.487094184091919402e+00 3.351032163829112065e+00 1.227350000044680201e-02
2.487094184091919402e+00 3.560471674068431458e+00 1.444364999952085782e-02
2.487094184091919402e+00 3.769911184307750851e+00 1.706000000012863893e-02
2.487094184091919402e+00 3.979350694547070244e+00 1.905219000218494330e-02
2.487094184091919402e+00 4.188790204786389637e+00 1.896637000027112663e-02
2.487094184091919402e+00 4.398229715025709474e+00 1.761735000036424026e-02
2.487094184091919402e+00 4.607669225265029311e+00 1.726222000070265494e-02
2.487094184091919402e+00 4.817108735504349148e+00 1.797771999918040819e-02
2.487094184091919402e+00 5.026548245743668986e+00 1.579275000040070154e-02
2.487094184091919402e+00 5.235987755982988823e+00 9.931869999491027556e-03
2.487094184091919402e+00 5.445427266222308660e+00 4.489979999561910518e-03
2.487094184091919402e+00 5.654866776461628497e+00 2.708210000491817482e-03
2.487094184091919402e+00 5.864306286700948334e+00 3.973280001446255483e-03
2.487094184091919402e+00 6.073745796940268171e+00 6.467369999882066622e-03
2.617993877991493967e+00 0.000000000000000000e+00 7.566469999801483937e-03
2.617993877991493967e+00 2.513274122871834715e-01 5.952199999228469096e-03
2.617993877991493967e+00 5.026548245743669430e-01 4.862829999183304608e-03
2.617993877991493967e+00 7.539822368615504145e-01 5.344810002497979440e-03
2.617993877991493967e+00 1.005309649148733886e+00 6.402740000339690596e-03
2.617993877991493967e+00 1.256637061435917246e+00 7.171960001869592816e-03
2.617993877991493967e+00 1.507964473723100607e+00 7.513380000091274269e-03
2.617993877991493967e+00 1.759291886010283967e+00 7.634769999640411697e-03
2.617993877991493967e+00 2.010619298297467328e+00 7.135239999115583487e-03
2.617993877991493967e+00 2.261946710584650688e+00 7.428429998981300741e-03
2.617993877991493967e+00 2.513274122871834049e+00 9.791529999347403646e-03
2.617993877991493967e+00 2.764601535159017409e+00 1.275673000054666772e-02
2.617993877991493967e+00 3.015928947446200770e+00 1.505609000014374033e-02
2.617993877991493967e+00 3.267256359733384130e+00 1.534390000051644165e-02
2.617993877991493967e+00 3.518583772020567491e+00 1.359546000094269402e-02
2.617993877991493967e+00 3.769911184307750851e+00 1.312126999982865527e-02
2.617993877991493967e+00 4.021238596594934656e+00 1.524120000067341607e-02
2.617993877991493967e+00 4.272566008882118460e+00 1.396546000069065485e-02
2.617993877991493967e+00 4.523893421169302265e+00 7.527030000346712768e-03
2.617993877991493967e+00 4.775220833456486069e+00 2.875349999158061109e-03
2.617993877991493967e+00 5.026548245743669874e+00 2.924779999375459738e-03
2.617993877991493967e+00 5.277875658030853678e+00 5.933230000664480031e-03
2.617993877991493967e+00 5.529203070318037483e+00 7.624710000527556986e-03
2.617993877991493967e+00 5.780530482605221287e+00 6.333629999062395655e-03
2.617993877991493967e+00 6.031857894892405092e+00 4.941600001984625123e-03
2.748893571891068532e+00 0.000000000000000000e+00 5.368289999751141295e-03
2.748893571891068532e+00 3.306939635357676877e-01 6.794380000428645872e-03
2.748893571891068532e+00 6.613879270715353753e-01 7.173269999839249067e-03
2.748893571891068532e+00 9.920818906073030075e-01 6.547779999891645275e-03
2.748893571891068532e+00 1.322775854143070751e+00 5.337509999662870541e-03
2.748893571891068532e+00 1.653469817678838494e+00 6.520830000226851553e-03
2.748893571891068532e+00 1.984163781214606237e+00 1.006274000064877328e-02
2.748893571891068532e+00 2.314857744750373758e+00 1.202243999978236388e-02
2.748893571891068532e+00 2.645551708286141501e+00 1.102849999915633816e-02
2.748893571891068532e+00 2.976245671821909244e+00 8.556000002499786206e-03
2.748893571891068532e+00 3.306939635357676988e+00 9.638440000344417058e-03
2.748893571891068532e+00 3.637633598893444731e+00 1.166818999990937300e-02
2.748893571891068532e+00 3.968327562429212474e+00 5.297510000673355535e-03
2.748893571891068532e+00 4.299021525964979773e+00 1.084309998987009749e-03
2.748893571891068532e+00 4.629715489500747516e+00 3.449589999945601448e-03
2.748893571891068532e+00 4.960409453036515259e+00 7.219110000733053312e-03
2.748893571891068532e+00 5.291103416572283002e+00 6.059209999875747599e-03
2.748893571891068532e+00 5.621797380108050746e+00 4.825500001970794983e-03
2.748893571891068532e+00 5.952491343643818489e+00 5.844470000738510862e-03
2.879793265790643098e+00 0.000000000000000000e+00 7.273479999639675952e-03
2.879793265790643098e+00 4.833219467061219965e-01 5.908639999688602984e-03
2.879793265790643098e+00 9.666438934122439930e-01 4.649270000300020911e-03
2.879793265790643098e+00 1.449965840118365934e+00 8.393079999223118648e-03
2.879793265790643098e+00 1.933287786824487986e+00 8.574909999879309908e-03
2.879793265790643098e+00 2.416609733530609816e+00 5.929110000579385087e-03
2.879793265790643098e+00 2.899931680236731868e+00 7.528610000008484349e-03
2.879793265790643098e+00 3.383253626942853920e+00 6.519599999592173845e-03
2.879793265790643098e+00 3.866575573648975972e+00 7.971899995027342811e-04
2.879793265790643098e+00 4.349897520355098024e+00 3.997669999080244452e-03
2.879793265790643098e+00 4.833219467061219632e+00 6.436050000047544017e-03
2.879793265790643098e+00 5.316541413767341240e+00 4.950090000420459546e-03
2.879793265790643098e+00 5.799863360473462848e+00 6.812600000557722524e-03
3.010692959690217663e+00 0.000000000000000000e+00 4.986670001017046161e-03
3.010692959690217663e+00 8.975979010256551760e-01 7.067909999022958800e-03
3.010692959690217663e+00 1.795195802051310352e+00 4.915240000627818517e-03
3.010692959690217663e+00 2.692793703076965528e+00 6.496150001112255268e-03
3.010692959690217663e+00 3.590391604102620704e+00 1.751330000843154266e-03
3.010692959690217663e+00 4.487989505128275880e+00 5.615030000626575202e-03
3.010692959690217663e+00 5.385587406153931056e+00 7.019119999313261360e-03
3.141592653589792228e+00 0.000000000000000000e+00 6.753879999450873584e-03
