4.549102640434435352e-02
3.367001630987205086e-04
-3.386254169100280436e-04
-3.568744189932135770e-04
-4.092588986413717557e-05
7.962349770073173273e-04
-6.550364003863230408e-03
-1.626553679081735706e-03
1.999423897107388494e-05
-2.220076143577519583e-04
-6.609643247422906172e-05
-2.574162425548187085e-05
-4.812492926775476161e-04
-1.223036829936882501e-03
-4.381754104443542431e-04
4.864185689907939516e-04
6.074361590461696157e-04
-1.032742224946621998e-03
-1.550077813025411934e-04
-6.472957030308970226e-05
-3.412091516595023720e-04
-1.573183467491361294e-03
-3.904826957786271431e-04
-3.581833831500094776e-04
-3.201246289879835236e-04
2.097974373481098053e-04
-7.177989031342422652e-05
3.899926619221620767e-04
-2.011569901534889274e-04
-1.453034116460675054e-03
4.032408183599450443e-04
-1.723120857692570038e-03
-6.932945073096768041e-04
-1.101273846062409204e-03
4.820030844526717435e-04
2.117642026190229602e-04
2.061864601517025971e-04
-6.750011311514661494e-04
8.194941710887572407e-04
1.626297808689631825e-03
7.173739900425575838e-04
-1.076020586955480762e-03
-1.631760689206563568e-04
2.327048876403828271e-04
-4.099221753226813501e-04
8.676868384318195231e-04
-1.502819126698209506e-04
7.010539193659740681e-04
-3.291798703991744750e-05
4.117742403346558167e-03
5.861773897962195893e-05
1.031865630182859754e-03
5.308615992752816187e-04
-1.077883818084924856e-03
1.036853378149178977e-03
-2.083988950711173141e-03
6.316823711782404340e-04
-1.023845643491799132e-03
-1.132821419859058329e-03
2.008334466812083420e-03
-2.264740773139443638e-04
8.481721805797136273e-04
4.282042788818840660e-04
2.060922134153133668e-04
1.746858518404846236e-04
1.392647010043021323e-04
8.310958008905264347e-04
-1.062452253082894239e-03
-3.946248602718181861e-04
-2.206461375995164096e-03
1.568656102219180039e-03
-1.661832280743439369e-03
1.228460236521175704e-03
2.503389208417622098e-03
-1.105583164559220894e-03
-1.712853514880972785e-03
-1.176151739915615331e-04
9.668834114703310934e-04
4.417287494385296095e-05
-9.661875965537610042e-04
2.685242451419780798e-05
-2.710319588111428143e-05
-7.164263529549130599e-05
-5.577782146284462938e-04
1.925998305747275425e-04
9.952649047781760364e-04
-6.861475451020429463e-04
2.297846625949821579e-03
2.366272841571126040e-04
2.511877486381512790e-03
1.009803708895784611e-03
-5.359086223342423867e-04
1.378617995504124831e-03
-2.887630770562102378e-03
-3.755275915874365473e-04
1.445457425632000166e-03
3.868118868161584648e-04
-1.620550684457949093e-04
1.344882189552126101e-03
-1.619756533697896614e-06
-7.156401172428697357e-04
7.386708125016699759e-05
2.896784538926775940e-04
6.850736492827183208e-05
1.646513571679353218e-03
-2.468660194909675872e-04
-4.777513235183094729e-05
3.050188103576241885e-03
2.450404441747326863e-03
7.717486070837388003e-05
9.362401834110219059e-04
6.388715602937901535e-04
1.015912982685193960e-03
2.592393714304297696e-03
1.110921284020939022e-04
-2.546783444249366949e-04
-3.563527777885239006e-04
8.677007668228245343e-04
9.292092361100085657e-05
3.401420539818926156e-04
-3.872375874487101388e-04
1.936018486704859428e-04
-3.634790730688053405e-04
3.969928021814979140e-04
-1.929370796871728889e-04
-1.460167881129745618e-03
-4.280881575862933780e-04
-5.078215885382954525e-04
8.937079583365910599e-04
-3.158831547008339197e-03
1.876009872758141461e-03
3.673548726323232032e-03
-1.273474735352216319e-03
-3.847576247548385774e-04
2.754155693726722219e-03
2.822930697765066617e-03
-3.684205963230812461e-04
-1.023447017150658743e-03
2.248693855756695283e-04
1.786308189727589014e-04
1.330389235087024898e-03
-9.924866791527793141e-05
6.641507829913920625e-04
-6.484964207407049506e-05
-1.246913169065843783e-04
-1.097857207776669556e-04
9.537909119609231604e-04
-1.929217157141025450e-07
-7.764290673031703366e-04
3.708461024492415881e-05
7.980022858325553454e-04
-1.793697440880410434e-05
-1.408443081991003233e-04
-2.370546029270241897e-03
-2.858127673599459434e-03
-2.225369941673405530e-03
-1.132839507028789681e-03
-5.193241926270725402e-03
-6.619797595580738121e-04
-3.075099748489663887e-03
-2.441037011574555184e-04
2.205270765923243183e-04
5.855506085295055429e-04
-2.172023550725024534e-03
-1.505426420473379668e-04
2.820754810316216115e-04
4.431547515511970008e-04
-2.235909030500498511e-04
-3.903492192700447067e-05
-3.432686497782330443e-05
-5.084539294953276762e-05
7.503443450345569261e-04
3.015796601936317038e-04
9.760802699731166085e-04
-1.034184407671927958e-04
3.181713840222322675e-04
-2.535802714919079427e-04
-1.485638754717332095e-03
-8.908074559705827676e-05
1.275638699170261346e-03
-6.010508557542790708e-04
-4.269279164017399444e-03
-1.928902508313247097e-04
1.129790187579590298e-04
8.110878851014866183e-04
-1.819417733278501760e-03
1.125412730634659225e-03
-1.112621092647730252e-03
4.254169485888337513e-05
-3.409825033190712991e-04
-9.960824842749965366e-04
-5.148247379784592014e-05
-7.084047209419749988e-04
-3.173659224865269532e-04
2.361792003820168502e-04
3.281628291515502685e-05
2.064980155640587772e-04
-2.796358136569017036e-05
-5.843814987310113783e-05
-5.881185132908276029e-05
-4.414358861522593778e-04
-2.948098209844756496e-05
4.346149697215389044e-04
-2.538469365152922451e-04
1.763765674979108668e-04
3.810032635066999511e-04
1.419779196163089381e-03
8.790985837452956232e-04
-2.134714293317780884e-03
-4.604789416982443991e-04
-2.476929417907492142e-04
-5.013203184107651797e-04
2.652031486012292917e-05
2.323110097366840043e-03
-3.880607444061223775e-05
-5.750734948124881308e-04
-8.371509157351754524e-04
2.175014954469746149e-04
3.490219877757970066e-04
-2.856682377465556678e-04
-3.753023638202767406e-04
5.962997037054905847e-05
8.605313247524659041e-05
1.091661856248457400e-06
-3.301678175722142731e-05
-3.975514322901477047e-05
-8.082561433300642154e-06
1.315199730734208572e-04
4.147397345876584034e-05
-4.133895843040003753e-04
-6.348273952167898760e-05
1.584924338790481271e-04
-6.533338089531521599e-04
2.588208354361057036e-04
-1.127120882664575121e-04
1.218925317185433777e-03
2.660917893337283544e-04
2.443034220633243082e-04
5.363094327278912846e-04
-4.417062880385178199e-03
1.029319529441810165e-03
1.044162112097551248e-03
-3.399862462805018290e-03
1.559263785814011703e-04
-8.532841742524604946e-04
3.545435244972096312e-04
-5.467428637955027001e-04
4.190658265768746954e-04
-1.149761630081097986e-03
-6.780407182543476334e-05
4.607801339025895809e-04
3.492334760714832422e-04
1.231310177365901480e-05
-8.351145870368927027e-05
2.901945153346513831e-04
2.305982019218639578e-05
-8.327756518709917102e-05
-2.826374388084759628e-06
1.487120062109703318e-04
-1.683444705884417627e-05
-2.641168602462090143e-04
2.612763407923045971e-04
6.260925526189098020e-04
-5.259851388275687710e-04
-5.984423007975390584e-05
1.354910434454188739e-04
-8.935872399246634103e-04
3.785004727450835696e-04
-1.543538676786642468e-04
8.480701136287491270e-04
2.867789636282193529e-03
3.549840162706037732e-03
1.903782296019653798e-03
6.131909767245010204e-03
2.103344915542078829e-03
3.793133180076391914e-03
7.329626785774330478e-04
-7.968426632153669279e-04
1.192407738293298821e-03
1.143612813136215493e-03
-3.329514294678144514e-04
2.697863894287359440e-04
3.594042581079616699e-04
5.163837787388627070e-05
-9.782536956534461435e-05
-3.002814766338052395e-06
7.070266696620377124e-05
-1.141540062404091142e-04
-2.305761391066057470e-05
-1.878149546817201943e-04
7.181478254738422017e-07
2.578441483000885382e-04
-5.539220237818921321e-05
1.963046133704393018e-04
1.454666467124121577e-04
3.333284500581783108e-04
-2.559237607381275714e-04
-5.917103466258077666e-04
-4.739803527514181215e-04
-6.920024912499803029e-04
1.509391895166914670e-03
-2.152532483464551837e-04
5.279058070982640440e-04
9.914986425043573887e-04
1.982450241409167472e-04
8.525614932534368237e-03
-2.272966005815559801e-03
-2.650727236362703139e-03
2.026246060178589752e-03
2.752329870447064769e-04
-2.313640489206205547e-03
3.848581464792120814e-04
3.902937981645370662e-04
-4.281754725756650552e-04
-5.671589241813663161e-04
4.878498310238573105e-04
-5.104012088962707862e-04
-1.286704319038398678e-04
5.077778021053308858e-04
8.915875816492286731e-05
-2.567291490952003526e-04
-6.048766405100501229e-05
1.172323344034989154e-05
4.982949951640325704e-05
-5.123953472415906409e-05
-9.094119853481487208e-06
7.187258997987615696e-05
-6.851249396036112336e-05
-8.365870370175291972e-05
1.719751544849750435e-04
1.961238914340728045e-04
-4.051968806706240738e-04
-4.359697489281889144e-05
-3.089860558952038563e-04
-1.551116032284815833e-04
1.061703035151270562e-03
6.799839397099414237e-05
1.839696784835525168e-04
5.625367433084687945e-04
-7.829926210186868201e-04
-3.880462047898424263e-03
-4.796790529264273462e-03
-2.998183662399071109e-03
-6.832452996269182746e-03
-2.861195419015703616e-03
-5.365498717047344907e-03
6.684457978201668524e-04
9.347563538203080332e-04
-9.572492035459718215e-04
-2.018727611770385760e-03
2.681791060967755793e-04
8.723757667352887530e-04
-1.660595840503212663e-04
-2.660341097604516035e-04
5.831310983633105228e-05
-2.914818897437409335e-04
-9.669290893162099708e-05
-3.260287580131803441e-05
4.789706890802810659e-05
-9.177665304930659063e-05
-1.536609222010731175e-05
-7.994469649147559686e-05
6.131401829538758730e-06
2.150314672919977077e-04
-7.710739786043928823e-05
-8.044003744341195975e-05
1.553938302588674970e-04
-1.630654570218906805e-04
-4.996689488709625841e-05
4.116054211123827038e-05
-5.278891852492890264e-04
1.151437488652773357e-03
1.044022968011015882e-03
5.642567900683750481e-04
-2.030478136425735349e-03
1.171535462749860698e-04
2.919197068321843845e-04
7.618964185853438747e-04
9.209920765449817592e-04
-6.820473529323408529e-03
9.988362569690442585e-04
1.975485051821744727e-03
-4.024803124381810815e-03
-2.220199096549205654e-04
2.486849683550303343e-03
1.965324523699910433e-04
-2.073762786618012742e-03
5.265096519615357394e-04
9.524557667650607878e-04
-4.676412156288531829e-04
-8.352429964543756470e-04
2.672176336693964007e-04
6.128232947208065405e-05
-1.041702373446915897e-04
1.428258708415950859e-04
9.187123518126279892e-05
-1.257453712233635957e-04
-6.523722466334662753e-05
7.578552068244744176e-05
1.252374434846287342e-05
-5.666848396747645308e-05
1.661216114680070643e-05
1.961651768842696993e-04
-8.320723968897536450e-05
-1.507686775655491494e-04
1.575254250170163121e-04
-4.780438229724445764e-06
1.010663464071580829e-05
4.564020074906667904e-05
-6.689236408669050954e-04
-4.074169747693427886e-04
1.038234663204956739e-03
1.179369513904397326e-03
-1.065896366936070492e-03
-3.528617495489967042e-04
-1.857820572142339192e-03
2.396759003430438918e-04
5.472975348542174221e-04
5.161354252889561664e-03
2.715054217809832401e-03
1.163933818665426707e-03
3.462484657752441970e-03
1.919508352782867914e-03
6.190599454133257880e-04
-3.923097759098984798e-04
4.648777039031831790e-04
5.531764426983020117e-04
8.119899570006492394e-04
-5.866702542924718102e-05
-2.057370393958518791e-03
9.797165495172856751e-05
1.095841823828630924e-03
-1.326030038065594148e-04
-3.425582056461075331e-04
7.986149078835383212e-05
1.199843031698271962e-05
-7.684542747722499141e-05
7.667703277262837252e-05
4.902792371962443486e-05
-5.299033062786004345e-05
-1.579561006424144091e-05
-5.198919677546929782e-05
1.355035806807560091e-05
1.348596284697143981e-04
-1.217097469445749952e-04
-7.178111947319732247e-05
1.662480291836464642e-04
4.255811765350265771e-05
8.979460052721365123e-05
-1.128112161651335238e-04
-8.953942522329386231e-04
4.451253244303688458e-04
7.641514018058365642e-04
-7.771241321644311141e-04
-7.751841519350534566e-04
1.866910081673109085e-04
1.343579235944962480e-03
-5.510992709292417049e-04
1.590297071655736151e-04
1.075073744415528634e-04
-1.777084314815253682e-03
4.172288710562140068e-03
-7.397310534404630830e-04
-1.947277438254263904e-03
5.202705995776471873e-03
-7.402078661293449990e-04
7.637996653519852144e-04
3.962103094097416730e-04
3.042811542923399247e-03
-1.537494706947526595e-04
1.380329135375654281e-04
3.258729998363859930e-04
1.713875883818681556e-03
-2.134139024417755753e-04
-6.746601112068371367e-04
7.613217131721713537e-05
3.065750259863493686e-04
-6.365039789328261460e-05
6.502257440874873069e-05
5.767383771736027138e-05
-3.312548352721279496e-05
-4.344577888470567591e-05
-1.486376699482566677e-07
1.116854973970187945e-05
-7.221366940256246890e-05
1.978083149641453146e-05
1.198083108880109750e-04
-1.059410369900905908e-04
-1.161250715184558883e-04
1.412217190893773127e-04
8.631111223426598308e-05
2.546049488464432195e-04
8.016384623879828537e-05
-1.040553343042720799e-03
2.378769225808219433e-04
8.185148761521850950e-04
-4.171881924306340131e-04
-5.618900984656987046e-04
-1.253755940676562312e-03
2.222285237227176601e-04
2.651838763034422434e-04
6.135526927058701594e-04
1.185692252375759956e-03
-3.641271772068079352e-04
-1.115735835388935839e-03
-7.027493428311660335e-04
-1.959812998961103087e-03
-1.002679834388162973e-03
-1.358164757054967139e-03
1.728767631852370749e-03
3.921969453531132114e-04
-5.790852966661738481e-04
-1.194921003325644712e-03
4.254290413255739940e-04
9.791696114945253743e-05
1.958356743330622604e-04
-8.267004111948018236e-05
-7.335461836464691934e-04
1.174128544008280349e-04
1.019097908581579172e-03
-1.261469305294411476e-04
-2.797642555965409485e-04
7.057590063548240596e-05
-6.194228037253979822e-05
-5.431268201597943580e-05
3.285532682749842419e-05
3.830624687359447927e-05
-4.767413911486951747e-05
-4.527267643555260047e-06
-8.031781705598623356e-05
2.474783713596123095e-05
1.320186370647192511e-04
-9.162788405675179049e-05
-9.265152207191262868e-05
3.914214802241362053e-05
1.218715728676031396e-05
4.497300352754812856e-04
-4.675342129051903578e-05
-1.151374073627225991e-03
1.833475920068505967e-04
7.343202425334301913e-04
-6.291765162589049373e-04
4.980388308235470223e-05
9.405437307349569839e-04
4.905489393227307560e-05
-9.954810671891178679e-05
-5.363059546664374240e-04
5.290368487962944077e-04
-1.191528848925680912e-03
-2.338383345811146513e-03
1.837114955892338308e-03
-2.380193636749745878e-03
-1.502359566791120317e-03
9.555745454086751961e-04
-2.703548868454479833e-03
1.215210371791947477e-03
-5.695211960774016272e-04
-9.056035708438089048e-05
-9.604773704500593539e-04
4.566783499170051688e-04
-7.719439030808080294e-04
-3.400524727945855759e-04
-7.443668161217103542e-04
2.539468822216270349e-04
3.687363823427485410e-04
-1.616560317304130412e-04
-7.722026731367514617e-04
1.301323867009632500e-04
3.157061154106539230e-04
-7.074083653191591201e-05
-4.910928247159980151e-05
3.343891536776688296e-05
-2.823255097722423678e-05
-2.731762530502608415e-05
2.393648594894970914e-05
5.359634175314720479e-06
5.182215911437125453e-19
1.938808127208988606e-18
-2.796743111308574282e-19
5.435518711256586712e-20
1.202943493759691077e-18
2.709431099014430887e-19
-2.344939554110950457e-19
-9.978407711158215112e-19
1.319573691130249420e-18
-2.644404606842031095e-18
4.753213467665785012e-19
-1.237072197290011362e-19
-9.244529332306140324e-19
-8.748819574442413280e-19
3.272735884185087252e-19
6.619696115314818663e-19
-1.420919955455149989e-19
-4.129208831026782374e-19
1.932906449188686243e-18
-1.754121283750553901e-19
6.886010295942652831e-19
-2.267143829137442943e-19
-2.069168946197049522e-19
-5.749902852530343151e-19
6.209156773918476409e-19
7.390027184903872899e-19
9.511164075100206197e-19
-6.545921167022554030e-19
7.043008781907002112e-19
-8.612584033708093911e-19
-1.351969557291487075e-18
6.533015707636601525e-19
-1.376678945118484030e-18
2.219689304022192491e-18
7.538801337029769410e-19
-1.543161051012220907e-19
-2.388954765045514081e-19
3.344638174857907960e-19
-1.075951446410027167e-18
-1.601792385533918596e-18
-7.471851647482045277e-20
-1.120913269632313580e-18
-2.639229939529376560e-19
1.042983077899255550e-18
-1.310107592411137573e-18
5.800555857980973411e-20
-1.040152004393501103e-19
2.941673323955411513e-19
2.554576258152781841e-18
