0.000000000000000000e+00 0.000000000000000000e+00 0.000000000000000000e+00
1.308996938995747039e-01 0.000000000000000000e+00 1.226296999993792269e-02
1.308996938995747039e-01 8.975979010256551760e-01 8.897879999494762160e-03
1.308996938995747039e-01 1.795195802051310352e+00 1.783128000170108862e-02
1.308996938995747039e-01 2.692793703076965528e+00 2.129479000177525450e-02
1.308996938995747039e-01 3.590391604102620704e+00 1.423639000131515786e-02
1.308996938995747039e-01 4.487989505128275880e+00 6.724740000208839774e-03
1.308996938995747039e-01 5.385587406153931056e+00 9.385999983351211995e-04
2.617993877991494078e-01 0.000000000000000000e+00 1.025036000100953970e-02
2.617993877991494078e-01 4.833219467061219965e-01 1.066778999847883824e-02
2.617993877991494078e-01 9.666438934122439930e-01 7.579059998533921316e-03
2.617993877991494078e-01 1.449965840118365934e+00 1.144177999958628789e-02
2.617993877991494078e-01 1.933287786824487986e+00 1.461748999827250373e-02
2.617993877991494078e-01 2.416609733530609816e+00 8.098279999103397131e-03
2.617993877991494078e-01 2.899931680236731868e+00 1.337540999884367920e-02
2.617993877991494078e-01 3.383253626942853920e+00 1.489936999860219657e-02
2.617993877991494078e-01 3.866575573648975972e+00 1.047322999875177629e-02
2.617993877991494078e-01 4.349897520355098024e+00 6.030469998222542927e-03
2.617993877991494078e-01 4.833219467061219632e+00 5.290529999911086634e-03
2.617993877991494078e-01 5.316541413767341240e+00 1.193470001453533769e-03
2.617993877991494078e-01 5.799863360473462848e+00 3.538799999660113826e-03
3.926990816987241395e-01 0.000000000000000000e+00 1.161771999977645464e-02
3.926990816987241395e-01 3.306939635357676877e-01 1.134777000152098481e-02
3.926990816987241395e-01 6.613879270715353753e-01 8.653789998788852245e-03
3.926990816987241395e-01 9.920818906073030075e-01 7.567969998490298167e-03
3.926990816987241395e-01 1.322775854143070751e+00 8.999869998660869896e-03
3.926990816987241395e-01 1.653469817678838494e+00 9.700659998998162337e-03
3.926990816987241395e-01 1.984163781214606237e+00 6.568339998921146616e-03
3.926990816987241395e-01 2.314857744750373758e+00 6.699639998259954154e-03
3.926990816987241395e-01 2.645551708286141501e+00 9.770849999767960981e-03
3.926990816987241395e-01 2.976245671821909244e+00 1.316239999869139865e-02
3.926990816987241395e-01 3.306939635357676988e+00 1.424561999920115341e-02
3.926990816987241395e-01 3.637633598893444731e+00 1.013018999947234988e-02
3.926990816987241395e-01 3.968327562429212474e+00 5.562119999012793414e-03
3.926990816987241395e-01 4.299021525964979773e+00 5.601749999186722562e-03
3.926990816987241395e-01 4.629715489500747516e+00 4.658629999539698474e-03
3.926990816987241395e-01 4.960409453036515259e+00 1.770319999195635319e-03
3.926990816987241395e-01 5.291103416572283002e+00 8.069499999692197889e-04
3.926990816987241395e-01 5.621797380108050746e+00 6.185049998748581856e-03
3.926990816987241395e-01 5.952491343643818489e+00 1.265023000087239780e-02
5.235987755982988157e-01 0.000000000000000000e+00 1.110647999848879408e-02
5.235987755982988157e-01 2.513274122871834715e-01 8.956389998274971731e-03
5.235987755982988157e-01 5.026548245743669430e-01 7.745089998934417963e-03
5.235987755982988157e-01 7.539822368615504145e-01 7.781780001096194610e-03
5.235987755982988157e-01 1.005309649148733886e+00 8.242489999247482046e-03
5.235987755982988157e-01 1.256637061435917246e+00 7.392549998257891275e-03
5.235987755982988157e-01 1.507964473723100607e+00 5.919679999351501465e-03
5.235987755982988157e-01 1.759291886010283967e+00 6.300689999989117496e-03
5.235987755982988157e-01 2.010619298297467328e+00 8.213070001147571020e-03
5.235987755982988157e-01 2.261946710584650688e+00 1.097555999876931310e-02
5.235987755982988157e-01 2.513274122871834049e+00 1.504379999823868275e-02
5.235987755982988157e-01 2.764601535159017409e+00 2.106452999942121096e-02
5.235987755982988157e-01 3.015928947446200770e+00 1.911716999893542379e-02
5.235987755982988157e-01 3.267256359733384130e+00 1.038831999903777614e-02
5.235987755982988157e-01 3.518583772020567491e+00 7.312199999432777986e-03
5.235987755982988157e-01 3.769911184307750851e+00 7.476489998225588351e-03
5.235987755982988157e-01 4.021238596594934656e+00 5.869219998203334399e-03
5.235987755982988157e-01 4.272566008882118460e+00 2.929689999291440472e-03
5.235987755982988157e-01 4.523893421169302265e+00 7.589499982714187354e-04
5.235987755982988157e-01 4.775220833456486069e+00 1.476630000979639590e-03
5.235987755982988157e-01 5.026548245743669874e+00 6.772409999030060135e-03
5.235987755982988157e-01 5.277875658030853678e+00 1.236119999884977005e-02
5.235987755982988157e-01 5.529203070318037483e+00 1.150559999950928614e-02
5.235987755982988157e-01 5.780530482605221287e+00 9.294569999838131480e-03
5.235987755982988157e-01 6.031857894892405092e+00 7.857379998313263059e-03
6.544984694978734918e-01 0.000000000000000000e+00 7.559049998235423118e-03
6.544984694978734918e-01 2.094395102393195318e-01 7.908369998403941281e-03
6.544984694978734918e-01 4.188790204786390636e-01 7.738949998383759521e-03
6.544984694978734918e-01 6.283185307179586232e-01 6.638339998971787281e-03
6.544984694978734918e-01 8.377580409572781273e-01 6.093059999329852872e-03
6.544984694978734918e-01 1.047197551196597631e+00 7.284569999683299102e-03
6.544984694978734918e-01 1.256637061435917246e+00 9.734029999890481122e-03
6.544984694978734918e-01 1.466076571675236861e+00 1.229180999689560849e-02
6.544984694978734918e-01 1.675516081914556477e+00 1.528739999957906548e-02
6.544984694978734918e-01 1.884955592153876092e+00 2.305244999843125697e-02
6.544984694978734918e-01 2.094395102393195707e+00 3.283411999836971518e-02
6.544984694978734918e-01 2.303834612632515100e+00 2.576548000070033595e-02
6.544984694978734918e-01 2.513274122871834493e+00 1.481012000112968963e-02
6.544984694978734918e-01 2.722713633111153886e+00 1.189832000090973452e-02
6.544984694978734918e-01 2.932153143350473279e+00 1.221162999900116120e-02
6.544984694978734918e-01 3.141592653589792672e+00 1.000939999903494027e-02
6.544984694978734918e-01 3.351032163829112065e+00 6.171969998831627890e-03
6.544984694978734918e-01 3.560471674068431458e+00 2.845989998604636639e-03
6.544984694978734918e-01 3.769911184307750851e+00 1.145759999417350627e-03
6.544984694978734918e-01 3.979350694547070244e+00 2.621199999339296483e-03
6.544984694978734918e-01 4.188790204786389637e+00 7.594099999550962821e-03
6.544984694978734918e-01 4.398229715025709474e+00 1.188943999841285404e-02
6.544984694978734918e-01 4.607669225265029311e+00 1.144943999861425254e-02
6.544984694978734918e-01 4.817108735504349148e+00 9.734789999129134230e-03
6.544984694978734918e-01 5.026548245743668986e+00 8.258969999587861821e-03
6.544984694978734918e-01 5.235987755982988823e+00 7.613870000568567775e-03
6.544984694978734918e-01 5.445427266222308660e+00 7.808109998222789727e-03
6.544984694978734918e-01 5.654866776461628497e+00 7.950459999847225845e-03
6.544984694978734918e-01 5.864306286700948334e+00 7.192039998699328862e-03
6.544984694978734918e-01 6.073745796940268171e+00 6.203339999046875164e-03
7.853981633974481680e-01 0.000000000000000000e+00 6.580679999387939461e-03
7.853981633974481680e-01 1.847995678582231294e-01 8.693209998455131426e-03
7.853981633974481680e-01 3.695991357164462587e-01 1.160775000062130857e-02
7.853981633974481680e-01 5.543987035746693603e-01 1.411316000121587422e-02
7.853981633974481680e-01 7.391982714328925175e-01 1.678068999899551272e-02
7.853981633974481680e-01 9.239978392911156746e-01 2.439942000091832597e-02
7.853981633974481680e-01 1.108797407149338721e+00 3.634249999959138222e-02
7.853981633974481680e-01 1.293596975007561767e+00 3.305110999826865736e-02
7.853981633974481680e-01 1.478396542865784813e+00 2.093875999889860395e-02
7.853981633974481680e-01 1.663196110724007859e+00 1.640618999954313040e-02
7.853981633974481680e-01 1.847995678582230905e+00 1.756413999828509986e-02
7.853981633974481680e-01 2.032795246440453951e+00 1.746642000034626108e-02
7.853981633974481680e-01 2.217594814298676997e+00 1.345894999940355774e-02
7.853981633974481680e-01 2.402394382156900043e+00 8.232729998780996539e-03
7.853981633974481680e-01 2.587193950015123090e+00 4.373959998702048324e-03
7.853981633974481680e-01 2.771993517873346136e+00 2.544950000810786150e-03
7.853981633974481680e-01 2.956793085731569182e+00 3.482419999272678979e-03
7.853981633974481680e-01 3.141592653589792228e+00 7.205229998362483457e-03
7.853981633974481680e-01 3.326392221448015274e+00 1.039950999984284863e-02
7.853981633974481680e-01 3.511191789306238320e+00 1.042377999874588568e-02
7.853981633974481680e-01 3.695991357164461366e+00 9.325149998403503560e-03
7.853981633974481680e-01 3.880790925022684412e+00 8.192179999241488986e-03
7.853981633974481680e-01 4.065590492880907902e+00 7.622119999723508954e-03
7.853981633974481680e-01 4.250390060739131393e+00 7.635209998625214212e-03
7.853981633974481680e-01 4.435189628597354883e+00 8.005980000234558247e-03
7.853981633974481680e-01 4.619989196455578373e+00 7.812339999873074703e-03
7.853981633974481680e-01 4.804788764313801863e+00 6.784910001442767680e-03
7.853981633974481680e-01 4.989588332172025353e+00 6.121099999290890992e-03
7.853981633974481680e-01 5.174387900030248844e+00 6.947689998924033716e-03
7.853981633974481680e-01 5.359187467888472334e+00 9.379169998283032328e-03
7.853981633974481680e-01 5.543987035746695824e+00 1.230300999850442167e-02
7.853981633974481680e-01 5.728786603604919314e+00 1.464409999971394427e-02
7.853981633974481680e-01 5.913586171463142804e+00 1.788238999870372936e-02
7.853981633974481680e-01 6.098385739321366295e+00 2.738841999962460250e-02
9.162978572970228441e-01 0.000000000000000000e+00 3.742490999866276979e-02
9.162978572970228441e-01 1.611073155687073322e-01 3.347942999971564859e-02
9.162978572970228441e-01 3.222146311374146643e-01 2.280277999852842186e-02
9.162978572970228441e-01 4.833219467061219965e-01 1.808988999982830137e-02
9.162978572970228441e-01 6.444292622748293287e-01 1.930572999845026061e-02
9.162978572970228441e-01 8.055365778435366053e-01 2.151675999994040467e-02
9.162978572970228441e-01 9.666438934122438820e-01 1.993862999916018452e-02
9.162978572970228441e-01 1.127751208980951159e+00 1.473374999841325916e-02
9.162978572970228441e-01 1.288858524549658435e+00 9.334109998235362582e-03
9.162978572970228441e-01 1.449965840118365712e+00 5.624889998216531239e-03
9.162978572970228441e-01 1.611073155687072989e+00 3.804369998761103489e-03
9.162978572970228441e-01 1.772180471255780265e+00 4.171069998847087845e-03
9.162978572970228441e-01 1.933287786824487542e+00 6.080759998440044001e-03
9.162978572970228441e-01 2.094395102393194819e+00 7.994789999429485761e-03
9.162978572970228441e-01 2.255502417961902317e+00 8.443259999694419093e-03
9.162978572970228441e-01 2.416609733530609816e+00 8.024619999559945427e-03
9.162978572970228441e-01 2.577717049099317315e+00 7.403959998555365019e-03
9.162978572970228441e-01 2.738824364668024813e+00 7.220919998871977441e-03
9.162978572970228441e-01 2.899931680236732312e+00 7.401719998597400263e-03
9.162978572970228441e-01 3.061038995805439811e+00 7.902940000349190086e-03
9.162978572970228441e-01 3.222146311374147309e+00 7.761139999274746515e-03
9.162978572970228441e-01 3.383253626942854808e+00 7.080209999912767671e-03
9.162978572970228441e-01 3.544360942511562307e+00 5.908160001126816496e-03
9.162978572970228441e-01 3.705468258080269806e+00 5.520329999853856862e-03
9.162978572970228441e-01 3.866575573648977304e+00 6.296339999607880600e-03
9.162978572970228441e-01 4.027682889217684803e+00 8.339329999216715805e-03
9.162978572970228441e-01 4.188790204786392302e+00 1.097595000101136975e-02
9.162978572970228441e-01 4.349897520355099800e+00 1.361000999895622954e-02
9.162978572970228441e-01 4.511004835923807299e+00 1.684933999968052376e-02
9.162978572970228441e-01 4.672112151492514798e+00 2.424860000064654741e-02
9.162978572970228441e-01 4.833219467061222296e+00 3.550358000029518735e-02
9.162978572970228441e-01 4.994326782629929795e+00 3.608155999972950667e-02
9.162978572970228441e-01 5.155434098198637294e+00 2.544611999837798066e-02
9.162978572970228441e-01 5.316541413767344793e+00 1.869601999896985944e-02
9.162978572970228441e-01 5.477648729336052291e+00 1.859863999925437383e-02
9.162978572970228441e-01 5.638756044904759790e+00 2.113882999947236385e-02
9.162978572970228441e-01 5.799863360473467289e+00 2.083964000121341087e-02
9.162978572970228441e-01 5.960970676042174787e+00 1.640409999890835024e-02
9.162978572970228441e-01 6.122077991610882286e+00 1.069345999894721899e-02
1.047197551196597631e+00 0.000000000000000000e+00 6.606839999221847393e-03
1.047197551196597631e+00 1.495996501709425386e-01 4.176619999270769767e-03
1.047197551196597631e+00 2.991993003418850772e-01 3.676300000734045170e-03
1.047197551196597631e+00 4.487989505128275880e-01 4.810299999007838778e-03
1.047197551196597631e+00 5.983986006837701543e-01 6.751629998689168133e-03
1.047197551196597631e+00 7.479982508547127207e-01 8.045629998377989978e-03
1.047197551196597631e+00 8.975979010256552870e-01 8.088499998848419636e-03
1.047197551196597631e+00 1.047197551196597853e+00 7.619589998284936883e-03
1.047197551196597631e+00 1.196797201367540309e+00 7.175739998274366371e-03
1.047197551196597631e+00 1.346396851538482764e+00 7.176199998866650276e-03
1.047197551196597631e+00 1.495996501709425219e+00 7.499429999370477162e-03
1.047197551196597631e+00 1.645596151880367675e+00 7.829949998267693445e-03
1.047197551196597631e+00 1.795195802051310130e+00 7.417759999952977523e-03
1.047197551196597631e+00 1.944795452222252585e+00 6.671259998256573454e-03
1.047197551196597631e+00 2.094395102393195263e+00 5.663179999828571454e-03
1.047197551196597631e+00 2.243994752564137940e+00 5.544429999645217322e-03
1.047197551196597631e+00 2.393594402735080617e+00 6.228989999726763926e-03
1.047197551196597631e+00 2.543194052906023295e+00 7.934369999929913320e-03
1.047197551196597631e+00 2.692793703076965972e+00 1.012854999862611294e-02
1.047197551196597631e+00 2.842393353247908649e+00 1.249263999852701090e-02
1.047197551196597631e+00 2.991993003418851327e+00 1.588571999855048489e-02
1.047197551196597631e+00 3.141592653589794004e+00 2.302706999944348354e-02
1.047197551196597631e+00 3.291192303760736682e+00 3.453327999886823818e-02
1.047197551196597631e+00 3.440791953931679359e+00 3.800047999902744778e-02
1.047197551196597631e+00 3.590391604102622036e+00 2.855730999908701051e-02
1.047197551196597631e+00 3.739991254273564714e+00 2.035419999992882367e-02
1.047197551196597631e+00 3.889590904444507391e+00 1.865590999841515440e-02
1.047197551196597631e+00 4.039190554615450068e+00 2.089695999711693730e-02
1.047197551196597631e+00 4.188790204786392302e+00 2.213812999980291352e-02
1.047197551196597631e+00 4.338389854957334535e+00 1.941954999892914202e-02
1.047197551196597631e+00 4.487989505128276768e+00 1.401467999858141411e-02
1.047197551196597631e+00 4.637589155299219001e+00 8.963279999079531990e-03
1.047197551196597631e+00 4.787188805470161235e+00 5.491539999638916925e-03
1.047197551196597631e+00 4.936788455641103468e+00 3.739089999726274982e-03
1.047197551196597631e+00 5.086388105812045701e+00 3.935999999157502316e-03
1.047197551196597631e+00 5.235987755982987935e+00 5.534700001589953899e-03
1.047197551196597631e+00 5.385587406153930168e+00 7.406609998724889010e-03
1.047197551196597631e+00 5.535187056324872401e+00 8.164999999280553311e-03
1.047197551196597631e+00 5.684786706495814634e+00 7.934179999210755341e-03
1.047197551196597631e+00 5.834386356666756868e+00 7.423199998811469413e-03
1.047197551196597631e+00 5.983986006837699101e+00 7.142709999243379571e-03
1.047197551196597631e+00 6.133585657008641334e+00 7.247339999594260007e-03
1.178097245096172418e+00 0.000000000000000000e+00 7.635639998625265434e-03
1.178097245096172418e+00 1.396263401595463638e-01 7.747869996819645166e-03
1.178097245096172418e+00 2.792526803190927276e-01 7.188689998656627722e-03
1.178097245096172418e+00 4.188790204786391191e-01 6.396359998689149506e-03
1.178097245096172418e+00 5.585053606381854552e-01 5.679120000422699377e-03
1.178097245096172418e+00 6.981317007977317912e-01 5.875679999007843435e-03
1.178097245096172418e+00 8.377580409572781273e-01 6.943379999938770197e-03
1.178097245096172418e+00 9.773843811168244633e-01 8.894949998648371547e-03
1.178097245096172418e+00 1.117010721276370910e+00 1.124084999901242554e-02
1.178097245096172418e+00 1.256637061435917246e+00 1.335970000036468264e-02
1.178097245096172418e+00 1.396263401595463582e+00 1.612652000039815903e-02
1.178097245096172418e+00 1.535889741755009918e+00 2.233200999944529030e-02
1.178097245096172418e+00 1.675516081914556255e+00 3.349019999950542115e-02
1.178097245096172418e+00 1.815142422074102591e+00 3.949703999933262821e-02
1.178097245096172418e+00 1.954768762233648927e+00 3.234173999953782186e-02
1.178097245096172418e+00 2.094395102393195263e+00 2.428403999874717556e-02
1.178097245096172418e+00 2.234021442552741821e+00 2.272594000169192441e-02
1.178097245096172418e+00 2.373647782712288379e+00 2.638390000174695160e-02
1.178097245096172418e+00 2.513274122871834937e+00 2.977094999914697837e-02
1.178097245096172418e+00 2.652900463031381495e+00 2.815535999980056658e-02
1.178097245096172418e+00 2.792526803190928053e+00 2.161700999931781553e-02
1.178097245096172418e+00 2.932153143350474611e+00 1.450911999927484430e-02
1.178097245096172418e+00 3.071779483510021169e+00 9.213959998305654153e-03
1.178097245096172418e+00 3.211405823669567727e+00 5.971109998426982202e-03
1.178097245096172418e+00 3.351032163829114285e+00 4.563639999105362222e-03
1.178097245096172418e+00 3.490658503988660843e+00 4.908080001769121736e-03
1.178097245096172418e+00 3.630284844148207402e+00 6.320929998764768243e-03
1.178097245096172418e+00 3.769911184307753960e+00 7.631379998201737180e-03
1.178097245096172418e+00 3.909537524467300518e+00 7.966649998706998304e-03
1.178097245096172418e+00 4.049163864626846632e+00 7.678639998630387709e-03
1.178097245096172418e+00 4.188790204786393190e+00 7.240980001370189711e-03
1.178097245096172418e+00 4.328416544945939748e+00 7.129530000383965671e-03
1.178097245096172418e+00 4.468042885105486306e+00 7.306649999009096064e-03
1.178097245096172418e+00 4.607669225265032864e+00 7.689199999731499702e-03
1.178097245096172418e+00 4.747295565424579422e+00 7.679419999476522207e-03
1.178097245096172418e+00 4.886921905584125980e+00 7.085239998559700325e-03
1.178097245096172418e+00 5.026548245743672538e+00 6.244939999305643141e-03
1.178097245096172418e+00 5.166174585903219096e+00 5.669499998475657776e-03
1.178097245096172418e+00 5.305800926062765654e+00 5.966650000118534081e-03
1.178097245096172418e+00 5.445427266222312213e+00 7.214899998871260323e-03
1.178097245096172418e+00 5.585053606381858771e+00 9.252229998310212977e-03
1.178097245096172418e+00 5.724679946541405329e+00 1.159337999888521153e-02
1.178097245096172418e+00 5.864306286700951887e+00 1.371281999854545575e-02
1.178097245096172418e+00 6.003932626860498445e+00 1.676391000000876375e-02
1.178097245096172418e+00 6.143558967020045003e+00 2.383911999822885264e-02
1.308996938995747206e+00 0.000000000000000000e+00 3.491569999823695980e-02
1.308996938995747206e+00 1.336847937697784316e-01 3.940606000105617568e-02
1.308996938995747206e+00 2.673695875395568633e-01 3.200825999920198228e-02
1.308996938995747206e+00 4.010543813093352949e-01 2.461964999929477926e-02
1.308996938995747206e+00 5.347391750791137266e-01 2.351687000009405892e-02
1.308996938995747206e+00 6.684239688488922138e-01 2.764928999931726139e-02
1.308996938995747206e+00 8.021087626186707009e-01 3.197986999839486089e-02
1.308996938995747206e+00 9.357935563884491881e-01 3.141148999930010177e-02
1.308996938995747206e+00 1.069478350158227675e+00 2.508024999951885547e-02
1.308996938995747206e+00 1.203163143928006162e+00 1.735414999893691856e-02
1.308996938995747206e+00 1.336847937697784650e+00 1.130035999995016027e-02
1.308996938995747206e+00 1.470532731467563137e+00 7.459779999408056028e-03
1.308996938995747206e+00 1.604217525237341624e+00 5.417209998995531350e-03
1.308996938995747206e+00 1.737902319007120111e+00 4.981629999747383408e-03
1.308996938995747206e+00 1.871587112776898598e+00 5.735969998568180017e-03
1.308996938995747206e+00 2.005271906546676863e+00 6.822669996836339124e-03
1.308996938995747206e+00 2.138956700316455350e+00 7.399719999739318155e-03
1.308996938995747206e+00 2.272641494086233838e+00 7.303139998839469627e-03
1.308996938995747206e+00 2.406326287856012325e+00 6.928519998837145977e-03
1.308996938995747206e+00 2.540011081625790812e+00 6.790149998778360896e-03
1.308996938995747206e+00 2.673695875395569299e+00 7.040849999611964449e-03
1.308996938995747206e+00 2.807380669165347786e+00 7.518729997173068114e-03
1.308996938995747206e+00 2.941065462935126273e+00 7.801149999068002217e-03
1.308996938995747206e+00 3.074750256704904761e+00 7.362119999015703797e-03
1.308996938995747206e+00 3.208435050474683248e+00 6.621600001381011680e-03
1.308996938995747206e+00 3.342119844244461735e+00 5.735269998695002869e-03
1.308996938995747206e+00 3.475804638014240222e+00 5.680109998138505034e-03
1.308996938995747206e+00 3.609489431784018709e+00 6.325199999992037192e-03
1.308996938995747206e+00 3.743174225553797196e+00 7.914939998954650946e-03
1.308996938995747206e+00 3.876859019323575684e+00 1.006632999997236766e-02
1.308996938995747206e+00 4.010543813093353727e+00 1.227751999977044761e-02
1.308996938995747206e+00 4.144228606863132214e+00 1.471901999866531696e-02
1.308996938995747206e+00 4.277913400632910701e+00 1.903025000137859024e-02
1.308996938995747206e+00 4.411598194402689188e+00 2.815025999916542787e-02
1.308996938995747206e+00 4.545282988172467675e+00 3.837191000093298499e-02
1.308996938995747206e+00 4.678967781942246162e+00 3.732547999970847741e-02
1.308996938995747206e+00 4.812652575712024650e+00 2.838133999648562167e-02
1.308996938995747206e+00 4.946337369481803137e+00 2.336072999969474040e-02
1.308996938995747206e+00 5.080022163251581624e+00 2.482634999978472479e-02
1.308996938995747206e+00 5.213706957021360111e+00 2.969240999846078921e-02
1.308996938995747206e+00 5.347391750791138598e+00 3.252931999850261491e-02
1.308996938995747206e+00 5.481076544560917085e+00 2.936570999918330926e-02
1.308996938995747206e+00 5.614761338330695573e+00 2.183644999968237244e-02
1.308996938995747206e+00 5.748446132100474060e+00 1.462259000072663184e-02
1.308996938995747206e+00 5.882130925870252547e+00 9.503640001639723778e-03
1.308996938995747206e+00 6.015815719640031034e+00 6.409099998563760892e-03
1.308996938995747206e+00 6.149500513409809521e+00 5.072669999208301306e-03
1.439896632895321993e+00 0.000000000000000000e+00 5.134989998623495921e-03
1.439896632895321993e+00 1.308996938995747039e-01 6.176440001581795514e-03
1.439896632895321993e+00 2.617993877991494078e-01 7.102129999111639336e-03
1.439896632895321993e+00 3.926990816987241395e-01 7.398919999104691669e-03
1.439896632895321993e+00 5.235987755982988157e-01 7.167170000684564002e-03
1.439896632895321993e+00 6.544984694978734918e-01 6.848479999462142587e-03
1.439896632895321993e+00 7.853981633974481680e-01 6.839659999968716875e-03
1.439896632895321993e+00 9.162978572970228441e-01 7.161519999499432743e-03
1.439896632895321993e+00 1.047197551196597631e+00 7.644659999641589820e-03
1.439896632895321993e+00 1.178097245096172418e+00 7.698129998971126042e-03
1.439896632895321993e+00 1.308996938995747206e+00 7.151739999244455248e-03
1.439896632895321993e+00 1.439896632895321993e+00 6.351069998345337808e-03
1.439896632895321993e+00 1.570796326794896780e+00 5.709169998226570897e-03
1.439896632895321993e+00 1.701696020694471567e+00 5.892499997571576387e-03
1.439896632895321993e+00 1.832595714594046354e+00 6.813870000769384205e-03
1.439896632895321993e+00 1.963495408493621142e+00 8.493720000842586160e-03
1.439896632895321993e+00 2.094395102393195707e+00 1.065234999987296760e-02
1.439896632895321993e+00 2.225294796292770272e+00 1.271368999914557207e-02
1.439896632895321993e+00 2.356194490192344837e+00 1.530169999932695646e-02
1.439896632895321993e+00 2.487094184091919402e+00 2.047415999913937412e-02
1.439896632895321993e+00 2.617993877991493967e+00 3.039499999977124389e-02
1.439896632895321993e+00 2.748893571891068532e+00 3.899747999821556732e-02
1.439896632895321993e+00 2.879793265790643098e+00 3.560539999853062909e-02
1.439896632895321993e+00 3.010692959690217663e+00 2.719369999977061525e-02
1.439896632895321993e+00 3.141592653589792228e+00 2.368703999854915310e-02
1.439896632895321993e+00 3.272492347489366793e+00 2.636308000001008622e-02
1.439896632895321993e+00 3.403392041388941358e+00 3.140917999917292036e-02
1.439896632895321993e+00 3.534291735288515923e+00 3.342723999958252534e-02
1.439896632895321993e+00 3.665191429188090488e+00 2.924019999954907689e-02
1.439896632895321993e+00 3.796091123087665054e+00 2.134947000013198704e-02
1.439896632895321993e+00 3.926990816987239619e+00 1.424991999920166563e-02
1.439896632895321993e+00 4.057890510886814184e+00 9.303109998654690571e-03
1.439896632895321993e+00 4.188790204786388749e+00 6.316769999102689326e-03
1.439896632895321993e+00 4.319689898685963314e+00 5.049119999966933392e-03
1.439896632895321993e+00 4.450589592585537879e+00 5.165349999515456147e-03
1.439896632895321993e+00 4.581489286485112444e+00 6.231629999092547223e-03
1.439896632895321993e+00 4.712388980384687009e+00 7.135840000046300702e-03
1.439896632895321993e+00 4.843288674284261575e+00 7.396199998765951023e-03
1.439896632895321993e+00 4.974188368183836140e+00 7.147159998567076400e-03
1.439896632895321993e+00 5.105088062083410705e+00 6.837699998868629336e-03
1.439896632895321993e+00 5.235987755982985270e+00 6.851879999885568395e-03
1.439896632895321993e+00 5.366887449882559835e+00 7.181399998444248922e-03
1.439896632895321993e+00 5.497787143782134400e+00 7.661729998289956711e-03
1.439896632895321993e+00 5.628686837681708965e+00 7.678679998207371682e-03
1.439896632895321993e+00 5.759586531581283531e+00 7.120689999283058569e-03
1.439896632895321993e+00 5.890486225480858096e+00 6.310339998890412971e-03
1.439896632895321993e+00 6.021385919380432661e+00 5.705359999410575256e-03
1.439896632895321993e+00 6.152285613280007226e+00 5.914489998758654110e-03
1.570796326794896780e+00 0.000000000000000000e+00 6.879129998196731322e-03
1.570796326794896780e+00 1.308996938995747039e-01 8.584339999288204126e-03
1.570796326794896780e+00 2.617993877991494078e-01 1.075257999946188647e-02
1.570796326794896780e+00 3.926990816987241395e-01 1.281290999941120390e-02
1.570796326794896780e+00 5.235987755982988157e-01 1.545983999858435709e-02
1.570796326794896780e+00 6.544984694978734918e-01 2.083505999871704262e-02
1.570796326794896780e+00 7.853981633974481680e-01 3.092924999873503111e-02
1.570796326794896780e+00 9.162978572970228441e-01 3.912947000026179012e-02
1.570796326794896780e+00 1.047197551196597631e+00 3.520813999966776464e-02
1.570796326794896780e+00 1.178097245096172418e+00 2.688872000180708710e-02
1.570796326794896780e+00 1.308996938995747206e+00 2.368159999969066121e-02
1.570796326794896780e+00 1.439896632895321993e+00 2.658803999838710297e-02
1.570796326794896780e+00 1.570796326794896780e+00 3.161153999826638028e-02
1.570796326794896780e+00 1.701696020694471567e+00 3.337365999868779909e-02
1.570796326794896780e+00 1.832595714594046354e+00 2.891213999828323722e-02
1.570796326794896780e+00 1.963495408493621142e+00 2.098314999966532923e-02
1.570796326794896780e+00 2.094395102393195707e+00 1.396664999992935918e-02
1.570796326794896780e+00 2.225294796292770272e+00 9.127179999268264510e-03
1.570796326794896780e+00 2.356194490192344837e+00 6.222489999345270917e-03
1.570796326794896780e+00 2.487094184091919402e+00 5.028529998526209965e-03
1.570796326794896780e+00 2.617993877991493967e+00 5.197799999223207124e-03
1.570796326794896780e+00 2.748893571891068532e+00 6.285749999733525328e-03
1.570796326794896780e+00 2.879793265790643098e+00 7.167419998950208537e-03
1.570796326794896780e+00 3.010692959690217663e+00 7.392459998300182633e-03
1.570796326794896780e+00 3.141592653589792228e+00 7.126939999579917639e-03
1.570796326794896780e+00 3.272492347489366793e+00 6.827359999078908004e-03
1.570796326794896780e+00 3.403392041388941358e+00 6.865639999887207523e-03
1.570796326794896780e+00 3.534291735288515923e+00 7.202419999885023572e-03
1.570796326794896780e+00 3.665191429188090488e+00 7.677129999137832783e-03
1.570796326794896780e+00 3.796091123087665054e+00 7.658189999347086996e-03
1.570796326794896780e+00 3.926990816987239619e+00 7.088620001013623551e-03
1.570796326794896780e+00 4.057890510886814184e+00 6.270409998251125216e-03
1.570796326794896780e+00 4.188790204786388749e+00 5.703109998648869805e-03
1.570796326794896780e+00 4.319689898685963314e+00 5.938229998719180003e-03
1.570796326794896780e+00 4.450589592585537879e+00 6.946279998373938724e-03
1.570796326794896780e+00 4.581489286485112444e+00 8.676859999468433671e-03
1.570796326794896780e+00 4.712388980384687009e+00 1.085161999981210101e-02
1.570796326794896780e+00 4.843288674284261575e+00 1.291394999861950055e-02
1.570796326794896780e+00 4.974188368183836140e+00 1.562427999851934146e-02
1.570796326794896780e+00 5.105088062083410705e+00 2.120743999876140151e-02
1.570796326794896780e+00 5.235987755982985270e+00 3.146094999829074368e-02
1.570796326794896780e+00 5.366887449882559835e+00 3.922903000056976452e-02
1.570796326794896780e+00 5.497787143782134400e+00 3.480171999945014250e-02
1.570796326794896780e+00 5.628686837681708965e+00 2.659523999864177313e-02
1.570796326794896780e+00 5.759586531581283531e+00 2.369298999838065356e-02
1.570796326794896780e+00 5.890486225480858096e+00 2.681688999837206211e-02
1.570796326794896780e+00 6.021385919380432661e+00 3.180645999964326620e-02
1.570796326794896780e+00 6.152285613280007226e+00 3.330453999842575286e-02
1.701696020694471567e+00 0.000000000000000000e+00 2.857642000162741169e-02
1.701696020694471567e+00 1.308996938995747039e-01 2.062063999983365647e-02
1.701696020694471567e+00 2.617993877991494078e-01 1.368824999917706009e-02
1.701696020694471567e+00 3.926990816987241395e-01 8.954400000220630318e-03
1.701696020694471567e+00 5.235987755982988157e-01 6.132090000392054208e-03
1.701696020694471567e+00 6.544984694978734918e-01 5.010729999412433244e-03
1.701696020694471567e+00 7.853981633974481680e-01 5.232009998508146964e-03
1.701696020694471567e+00 9.162978572970228441e-01 6.338019999020616524e-03
1.701696020694471567e+00 1.047197551196597631e+00 7.196819999080616981e-03
1.701696020694471567e+00 1.178097245096172418e+00 7.388200001514633186e-03
1.701696020694471567e+00 1.308996938995747206e+00 7.106869999915943481e-03
1.701696020694471567e+00 1.439896632895321993e+00 6.818769999881624244e-03
1.701696020694471567e+00 1.570796326794896780e+00 6.880419998196884990e-03
1.701696020694471567e+00 1.701696020694471567e+00 7.224389997645630501e-03
1.701696020694471567e+00 1.832595714594046354e+00 7.691369999520247802e-03
1.701696020694471567e+00 1.963495408493621142e+00 7.637029999386868440e-03
1.701696020694471567e+00 2.094395102393195707e+00 7.055279998894548044e-03
1.701696020694471567e+00 2.225294796292770272e+00 6.230889997823396698e-03
1.701696020694471567e+00 2.356194490192344837e+00 5.702340000425465405e-03
1.701696020694471567e+00 2.487094184091919402e+00 5.962250001175561920e-03
1.701696020694471567e+00 2.617993877991493967e+00 7.014849999904981814e-03
1.701696020694471567e+00 2.748893571891068532e+00 8.771539998633670621e-03
1.701696020694471567e+00 2.879793265790643098e+00 1.094926000041596126e-02
1.701696020694471567e+00 3.010692959690217663e+00 1.301676999901246745e-02
1.701696020694471567e+00 3.141592653589792228e+00 1.579486999980872497e-02
1.701696020694471567e+00 3.272492347489366793e+00 2.159091999965312425e-02
1.701696020694471567e+00 3.403392041388941358e+00 3.198976999919977970e-02
1.701696020694471567e+00 3.534291735288515923e+00 3.929651999897032510e-02
1.701696020694471567e+00 3.665191429188090488e+00 3.438877999906253535e-02
1.701696020694471567e+00 3.796091123087665054e+00 2.631414999996195547e-02
1.701696020694471567e+00 3.926990816987239619e+00 2.371921000121801626e-02
1.701696020694471567e+00 4.057890510886814184e+00 2.705002999937278219e-02
1.701696020694471567e+00 4.188790204786388749e+00 3.199319999839644879e-02
1.701696020694471567e+00 4.319689898685963314e+00 3.322157999900809955e-02
1.701696020694471567e+00 4.450589592585537879e+00 2.823314999841386452e-02
1.701696020694471567e+00 4.581489286485112444e+00 2.026052999644889496e-02
1.701696020694471567e+00 4.712388980384687009e+00 1.341528999910224229e-02
1.701696020694471567e+00 4.843288674284261575e+00 8.785249998254585080e-03
1.701696020694471567e+00 4.974188368183836140e+00 6.045039999662549235e-03
1.701696020694471567e+00 5.105088062083410705e+00 4.995829998733825050e-03
1.701696020694471567e+00 5.235987755982985270e+00 5.268449998766300268e-03
1.701696020694471567e+00 5.366887449882559835e+00 6.387919998815050349e-03
1.701696020694471567e+00 5.497787143782134400e+00 7.224259999929927289e-03
1.701696020694471567e+00 5.628686837681708965e+00 7.383599999229772948e-03
1.701696020694471567e+00 5.759586531581283531e+00 7.086909999998169951e-03
1.701696020694471567e+00 5.890486225480858096e+00 6.811939998442539945e-03
1.701696020694471567e+00 6.021385919380432661e+00 6.895409998833201826e-03
1.701696020694471567e+00 6.152285613280007226e+00 7.246989998748176731e-03
1.832595714594046354e+00 0.000000000000000000e+00 7.710609999776352197e-03
1.832595714594046354e+00 1.336847937697784316e-01 7.614229998580412939e-03
1.832595714594046354e+00 2.673695875395568633e-01 7.011240000792895444e-03
1.832595714594046354e+00 4.010543813093352949e-01 6.150749999505933374e-03
1.832595714594046354e+00 5.347391750791137266e-01 5.661539998982334509e-03
1.832595714594046354e+00 6.684239688488922138e-01 5.913179998970008455e-03
1.832595714594046354e+00 8.021087626186707009e-01 7.005119998211739585e-03
1.832595714594046354e+00 9.357935563884491881e-01 8.782449998761876486e-03
1.832595714594046354e+00 1.069478350158227675e+00 1.093353999931423459e-02
1.832595714594046354e+00 1.203163143928006162e+00 1.310692999868479092e-02
1.832595714594046354e+00 1.336847937697784650e+00 1.636090000101830810e-02
1.832595714594046354e+00 1.470532731467563137e+00 2.325730999837105628e-02
1.832595714594046354e+00 1.604217525237341624e+00 3.430756999841833021e-02
1.832595714594046354e+00 1.737902319007120111e+00 3.933859999960986897e-02
1.832595714594046354e+00 1.871587112776898598e+00 3.216432999943208415e-02
1.832595714594046354e+00 2.005271906546676863e+00 2.434722999896621332e-02
1.832595714594046354e+00 2.138956700316455350e+00 2.257912000095529947e-02
1.832595714594046354e+00 2.272641494086233838e+00 2.599824999924749136e-02
1.832595714594046354e+00 2.406326287856012325e+00 2.986945999873569235e-02
1.832595714594046354e+00 2.540011081625790812e+00 2.953205000085290521e-02
1.832595714594046354e+00 2.673695875395569299e+00 2.392088999840780161e-02
1.832595714594046354e+00 2.807380669165347786e+00 1.669728999877406750e-02
1.832595714594046354e+00 2.941065462935126273e+00 1.089130999935150612e-02
1.832595714594046354e+00 3.074750256704904761e+00 7.129179999537882395e-03
1.832595714594046354e+00 3.208435050474683248e+00 5.119889998240978457e-03
1.832595714594046354e+00 3.342119844244461735e+00 4.736200000479584560e-03
1.832595714594046354e+00 3.475804638014240222e+00 5.541619999348768033e-03
1.832595714594046354e+00 3.609489431784018709e+00 6.756769998901290819e-03
1.832595714594046354e+00 3.743174225553797196e+00 7.427479999023489654e-03
1.832595714594046354e+00 3.876859019323575684e+00 7.360979998338734731e-03
1.832595714594046354e+00 4.010543813093353727e+00 6.977099999858182855e-03
1.832595714594046354e+00 4.144228606863132214e+00 6.792809999751625583e-03
1.832595714594046354e+00 4.277913400632910701e+00 7.015719998889835551e-03
1.832595714594046354e+00 4.411598194402689188e+00 7.460469998477492481e-03
1.832595714594046354e+00 4.545282988172467675e+00 7.780939999065594748e-03
1.832595714594046354e+00 4.678967781942246162e+00 7.392540001092129387e-03
1.832595714594046354e+00 4.812652575712024650e+00 6.681230001049698330e-03
1.832595714594046354e+00 4.946337369481803137e+00 5.822059996717143804e-03
1.832595714594046354e+00 5.080022163251581624e+00 5.706669999199220911e-03
1.832595714594046354e+00 5.213706957021360111e+00 6.245640000997809693e-03
1.832595714594046354e+00 5.347391750791138598e+00 7.668749998629209585e-03
1.832595714594046354e+00 5.481076544560917085e+00 9.648639999795705080e-03
1.832595714594046354e+00 5.614761338330695573e+00 1.177693999852635898e-02
1.832595714594046354e+00 5.748446132100474060e+00 1.421793999907094985e-02
1.832595714594046354e+00 5.882130925870252547e+00 1.851680999970994890e-02
1.832595714594046354e+00 6.015815719640031034e+00 2.751345999968179967e-02
1.832595714594046354e+00 6.149500513409809521e+00 3.794741999990947079e-02
1.963495408493621142e+00 0.000000000000000000e+00 3.711907999968389049e-02
1.963495408493621142e+00 1.396263401595463638e-01 2.763770999990811106e-02
1.963495408493621142e+00 2.792526803190927276e-01 2.230809999855409842e-02
1.963495408493621142e+00 4.188790204786391191e-01 2.344782000000122935e-02
1.963495408493621142e+00 5.585053606381854552e-01 2.733951999834971502e-02
1.963495408493621142e+00 6.981317007977317912e-01 2.857693999976618215e-02
1.963495408493621142e+00 8.377580409572781273e-01 2.447286999995412771e-02
1.963495408493621142e+00 9.773843811168244633e-01 1.742796999860729557e-02
1.963495408493621142e+00 1.117010721276370910e+00 1.132959999995364342e-02
1.963495408493621142e+00 1.256637061435917246e+00 7.164019998526782729e-03
1.963495408493621142e+00 1.396263401595463582e+00 4.826049998882808723e-03
1.963495408493621142e+00 1.535889741755009918e+00 4.387279999718884937e-03
1.963495408493621142e+00 1.675516081914556255e+00 5.389809999542194419e-03
1.963495408493621142e+00 1.815142422074102591e+00 6.994069999564089812e-03
1.963495408493621142e+00 1.954768762233648927e+00 7.931470001494744793e-03
1.963495408493621142e+00 2.094395102393195263e+00 7.916119999208603986e-03
1.963495408493621142e+00 2.234021442552741821e+00 7.493539998904452659e-03
1.963495408493621142e+00 2.373647782712288379e+00 7.131069998649763875e-03
1.963495408493621142e+00 2.513274122871834937e+00 7.173959998908685520e-03
1.963495408493621142e+00 2.652900463031381495e+00 7.484809999368735589e-03
1.963495408493621142e+00 2.792526803190928053e+00 7.786590000250726007e-03
1.963495408493621142e+00 2.932153143350474611e+00 7.404969999697641470e-03
1.963495408493621142e+00 3.071779483510021169e+00 6.731169998602126725e-03
1.963495408493621142e+00 3.211405823669567727e+00 5.853629998455289751e-03
1.963495408493621142e+00 3.351032163829114285e+00 5.745599999499972910e-03
1.963495408493621142e+00 3.490658503988660843e+00 6.383190000633476302e-03
1.963495408493621142e+00 3.630284844148207402e+00 8.009490000404184684e-03
1.963495408493621142e+00 3.769911184307753960e+00 1.016803999846160877e-02
1.963495408493621142e+00 3.909537524467300518e+00 1.231905999884475023e-02
1.963495408493621142e+00 4.049163864626846632e+00 1.470067999980528839e-02
1.963495408493621142e+00 4.188790204786393190e+00 1.925045000098180026e-02
1.963495408493621142e+00 4.328416544945939748e+00 2.901599999859172385e-02
1.963495408493621142e+00 4.468042885105486306e+00 3.885141999853658490e-02
1.963495408493621142e+00 4.607669225265032864e+00 3.579461999834165908e-02
1.963495408493621142e+00 4.747295565424579422e+00 2.635780999844428152e-02
1.963495408493621142e+00 4.886921905584125980e+00 2.207395999903383199e-02
1.963495408493621142e+00 5.026548245743672538e+00 2.402848999918205664e-02
1.963495408493621142e+00 5.166174585903219096e+00 2.783734999866283033e-02
1.963495408493621142e+00 5.305800926062765654e+00 2.827982999951927923e-02
1.963495408493621142e+00 5.445427266222312213e+00 2.343721999932313338e-02
1.963495408493621142e+00 5.585053606381858771e+00 1.635059000182081945e-02
1.963495408493621142e+00 5.724679946541405329e+00 1.053487999706703704e-02
1.963495408493621142e+00 5.864306286700951887e+00 6.681919998300145380e-03
1.963495408493621142e+00 6.003932626860498445e+00 4.626299998562899418e-03
1.963495408493621142e+00 6.143558967020045003e+00 4.465679996428661980e-03
2.094395102393195707e+00 0.000000000000000000e+00 5.772329999672365375e-03
2.094395102393195707e+00 1.495996501709425386e-01 7.393659998342627659e-03
2.094395102393195707e+00 2.991993003418850772e-01 8.023939999475260265e-03
2.094395102393195707e+00 4.487989505128275880e-01 7.805329998518573120e-03
2.094395102393195707e+00 5.983986006837701543e-01 7.326089998969109729e-03
2.094395102393195707e+00 7.479982508547127207e-01 7.099589998688315973e-03
2.094395102393195707e+00 8.975979010256552870e-01 7.221189998745103367e-03
2.094395102393195707e+00 1.047197551196597853e+00 7.695260001128190197e-03
2.094395102393195707e+00 1.196797201367540309e+00 7.829419999325182289e-03
2.094395102393195707e+00 1.346396851538482764e+00 7.282960001248284243e-03
2.094395102393195707e+00 1.495996501709425219e+00 6.302429999777814373e-03
2.094395102393195707e+00 1.645596151880367675e+00 5.558219998420099728e-03
2.094395102393195707e+00 1.795195802051310130e+00 5.744950000007520430e-03
2.094395102393195707e+00 1.944795452222252585e+00 7.055499998386949301e-03
2.094395102393195707e+00 2.094395102393195263e+00 9.329579999757697806e-03
2.094395102393195707e+00 2.243994752564137940e+00 1.189464999879419338e-02
2.094395102393195707e+00 2.393594402735080617e+00 1.437563999934354797e-02
2.094395102393195707e+00 2.543194052906023295e+00 1.814705999822763260e-02
2.094395102393195707e+00 2.692793703076965972e+00 2.693581999847083353e-02
2.094395102393195707e+00 2.842393353247908649e+00 3.798313000152120367e-02
2.094395102393195707e+00 2.991993003418851327e+00 3.660544999911508057e-02
2.094395102393195707e+00 3.141592653589794004e+00 2.620297000066784676e-02
2.094395102393195707e+00 3.291192303760736682e+00 2.049390999854949769e-02
2.094395102393195707e+00 3.440791953931679359e+00 2.144270999997388572e-02
2.094395102393195707e+00 3.590391604102622036e+00 2.488419999826874118e-02
2.094395102393195707e+00 3.739991254273564714e+00 2.535160999832442030e-02
2.094395102393195707e+00 3.889590904444507391e+00 2.074823999828367960e-02
2.094395102393195707e+00 4.039190554615450068e+00 1.416189999872585759e-02
2.094395102393195707e+00 4.188790204786392302e+00 8.918549998270464130e-03
2.094395102393195707e+00 4.338389854957334535e+00 5.659389998982078396e-03
2.094395102393195707e+00 4.487989505128276768e+00 4.321159998653456569e-03
2.094395102393195707e+00 4.637589155299219001e+00 4.829079998671659268e-03
2.094395102393195707e+00 4.787188805470161235e+00 6.435229999624425545e-03
2.094395102393195707e+00 4.936788455641103468e+00 7.792719999997643754e-03
2.094395102393195707e+00 5.086388105812045701e+00 8.010389999981271103e-03
2.094395102393195707e+00 5.235987755982987935e+00 7.634960000359569676e-03
2.094395102393195707e+00 5.385587406153930168e+00 7.148939999751746655e-03
2.094395102393195707e+00 5.535187056324872401e+00 7.121359998564003035e-03
2.094395102393195707e+00 5.684786706495814634e+00 7.402909997836104594e-03
2.094395102393195707e+00 5.834386356666756868e+00 7.853039998735766858e-03
2.094395102393195707e+00 5.983986006837699101e+00 7.647129999895696528e-03
2.094395102393195707e+00 6.133585657008641334e+00 6.982519998928182758e-03
2.225294796292770272e+00 0.000000000000000000e+00 5.833939998410642147e-03
2.225294796292770272e+00 1.611073155687073322e-01 5.446039998787455261e-03
2.225294796292770272e+00 3.222146311374146643e-01 5.994729999656556174e-03
2.225294796292770272e+00 4.833219467061219965e-01 7.708689998253248632e-03
2.225294796292770272e+00 6.444292622748293287e-01 9.993620000386727042e-03
2.225294796292770272e+00 8.055365778435366053e-01 1.256161999845062383e-02
2.225294796292770272e+00 9.666438934122438820e-01 1.618286999837437179e-02
2.225294796292770272e+00 1.127751208980951159e+00 2.392738999697030522e-02
2.225294796292770272e+00 1.288858524549658435e+00 3.488503000153286848e-02
2.225294796292770272e+00 1.449965840118365712e+00 3.484083999865106307e-02
2.225294796292770272e+00 1.611073155687072989e+00 2.414412000143784098e-02
2.225294796292770272e+00 1.772180471255780265e+00 1.732291999906010460e-02
2.225294796292770272e+00 1.933287786824487542e+00 1.659517999905801844e-02
2.225294796292770272e+00 2.094395102393194819e+00 1.833109999824955594e-02
2.225294796292770272e+00 2.255502417961902317e+00 1.769481999690469820e-02
2.225294796292770272e+00 2.416609733530609816e+00 1.390653999987989664e-02
2.225294796292770272e+00 2.577717049099317315e+00 9.000039999591535889e-03
2.225294796292770272e+00 2.738824364668024813e+00 5.361200001061661169e-03
2.225294796292770272e+00 2.899931680236732312e+00 3.305369998997775838e-03
2.225294796292770272e+00 3.061038995805439811e+00 3.268859998570405878e-03
2.225294796292770272e+00 3.222146311374147309e+00 5.071890000181156211e-03
2.225294796292770272e+00 3.383253626942854808e+00 7.457399999111657962e-03
2.225294796292770272e+00 3.544360942511562307e+00 8.603539999967324547e-03
2.225294796292770272e+00 3.705468258080269806e+00 8.360389998415485024e-03
2.225294796292770272e+00 3.866575573648977304e+00 7.739079999737441540e-03
2.225294796292770272e+00 4.027682889217684803e+00 7.310890001463121735e-03
2.225294796292770272e+00 4.188790204786392302e+00 7.298719998289016075e-03
2.225294796292770272e+00 4.349897520355099800e+00 7.685419999688747339e-03
2.225294796292770272e+00 4.511004835923807299e+00 7.786779999150894582e-03
2.225294796292770272e+00 4.672112151492514798e+00 7.218119999379268847e-03
2.225294796292770272e+00 4.833219467061222296e+00 6.150059998617507517e-03
2.225294796292770272e+00 4.994326782629929795e+00 5.475699999806238338e-03
2.225294796292770272e+00 5.155434098198637294e+00 5.725779999920632690e-03
2.225294796292770272e+00 5.316541413767344793e+00 7.132410000849631615e-03
2.225294796292770272e+00 5.477648729336052291e+00 9.303440001531271264e-03
2.225294796292770272e+00 5.638756044904759790e+00 1.180848999865702353e-02
2.225294796292770272e+00 5.799863360473467289e+00 1.495305999924312346e-02
2.225294796292770272e+00 5.960970676042174787e+00 2.113239999926008750e-02
2.225294796292770272e+00 6.122077991610882286e+00 3.215640999951574486e-02
2.356194490192344837e+00 0.000000000000000000e+00 3.562524999870220199e-02
2.356194490192344837e+00 1.847995678582231294e-01 2.379793999898538459e-02
2.356194490192344837e+00 3.695991357164462587e-01 1.605049999852781184e-02
2.356194490192344837e+00 5.543987035746693603e-01 1.533547999861184508e-02
2.356194490192344837e+00 7.391982714328925175e-01 1.608461000068928115e-02
2.356194490192344837e+00 9.239978392911156746e-01 1.345301999936054926e-02
2.356194490192344837e+00 1.108797407149338721e+00 8.860999998432816938e-03
2.356194490192344837e+00 1.293596975007561767e+00 4.797189998498652130e-03
2.356194490192344837e+00 1.478396542865784813e+00 2.379159999691182747e-03
2.356194490192344837e+00 1.663196110724007859e+00 2.255089999380288646e-03
2.356194490192344837e+00 1.847995678582230905e+00 5.334949999451055191e-03
2.356194490192344837e+00 2.032795246440453951e+00 9.443259999898145907e-03
2.356194490192344837e+00 2.217594814298676997e+00 1.091622999956598505e-02
2.356194490192344837e+00 2.402394382156900043e+00 9.964369999579503201e-03
2.356194490192344837e+00 2.587193950015123090e+00 8.749479999096365646e-03
2.356194490192344837e+00 2.771993517873346136e+00 7.866680000006454065e-03
2.356194490192344837e+00 2.956793085731569182e+00 7.569669998702011071e-03
2.356194490192344837e+00 3.141592653589792228e+00 7.841349999580415897e-03
2.356194490192344837e+00 3.326392221448015274e+00 7.746169998426921666e-03
2.356194490192344837e+00 3.511191789306238320e+00 7.019939999736379832e-03
2.356194490192344837e+00 3.695991357164461366e+00 6.095969998568762094e-03
2.356194490192344837e+00 3.880790925022684412e+00 6.197639999300008640e-03
2.356194490192344837e+00 4.065590492880907902e+00 7.836479999241419137e-03
2.356194490192344837e+00 4.250390060739131393e+00 1.041307999912532978e-02
2.356194490192344837e+00 4.435189628597354883e+00 1.290528999925300013e-02
2.356194490192344837e+00 4.619989196455578373e+00 1.567300999886356294e-02
2.356194490192344837e+00 4.804788764313801863e+00 2.270803000101295765e-02
2.356194490192344837e+00 4.989588332172025353e+00 3.474774999995133840e-02
2.356194490192344837e+00 5.174387900030248844e+00 3.341956999975081999e-02
2.356194490192344837e+00 5.359187467888472334e+00 2.110365999942587223e-02
2.356194490192344837e+00 5.543987035746695824e+00 1.541108999845164362e-02
2.356194490192344837e+00 5.728786603604919314e+00 1.564691999919887166e-02
2.356194490192344837e+00 5.913586171463142804e+00 1.575221999883069657e-02
2.356194490192344837e+00 6.098385739321366295e+00 1.241665999987162650e-02
2.487094184091919402e+00 0.000000000000000000e+00 7.403350000458885916e-03
2.487094184091919402e+00 2.094395102393195318e-01 3.614730001572752371e-03
2.487094184091919402e+00 4.188790204786390636e-01 2.182940001148381270e-03
2.487094184091919402e+00 6.283185307179586232e-01 4.416339999806950800e-03
2.487094184091919402e+00 8.377580409572781273e-01 9.380179999425308779e-03
2.487094184091919402e+00 1.047197551196597631e+00 1.175677999890467618e-02
2.487094184091919402e+00 1.256637061435917246e+00 1.038267999865638558e-02
2.487094184091919402e+00 1.466076571675236861e+00 8.881019997716066428e-03
2.487094184091919402e+00 1.675516081914556477e+00 7.774919999064877629e-03
2.487094184091919402e+00 1.884955592153876092e+00 7.585659999676863663e-03
2.487094184091919402e+00 2.094395102393195707e+00 8.347259999936795793e-03
2.487094184091919402e+00 2.303834612632515100e+00 8.836119999614311382e-03
2.487094184091919402e+00 2.513274122871834493e+00 7.717169999523321167e-03
2.487094184091919402e+00 2.722713633111153886e+00 6.761899998309672810e-03
2.487094184091919402e+00 2.932153143350473279e+00 8.001909998711198568e-03
2.487094184091919402e+00 3.141592653589792672e+00 1.099418999910994899e-02
2.487094184091919402e+00 3.351032163829112065e+00 1.415231999999377877e-02
2.487094184091919402e+00 3.560471674068431458e+00 1.626985999973840080e-02
2.487094184091919402e+00 3.769911184307750851e+00 2.136425999924540520e-02
2.487094184091919402e+00 3.979350694547070244e+00 3.310439999950176571e-02
2.487094184091919402e+00 4.188790204786389637e+00 3.197949999957927503e-02
2.487094184091919402e+00 4.398229715025709474e+00 1.936187000137579162e-02
2.487094184091919402e+00 4.607669225265029311e+00 1.474159999997937120e-02
2.487094184091919402e+00 4.817108735504349148e+00 1.579734999904758297e-02
2.487094184091919402e+00 5.026548245743668986e+00 1.434359999984735623e-02
2.487094184091919402e+00 5.235987755982988823e+00 9.645600001022103243e-03
2.487094184091919402e+00 5.445427266222308660e+00 5.107709999720100313e-03
2.487094184091919402e+00 5.654866776461628497e+00 2.476489999025943689e-03
2.487094184091919402e+00 5.864306286700948334e+00 2.815429999827756546e-03
2.487094184091919402e+00 6.073745796940268171e+00 7.074069999362109229e-03
2.617993877991493967e+00 0.000000000000000000e+00 1.166723999995156191e-02
2.617993877991493967e+00 2.513274122871834715e-01 1.046959999985119794e-02
2.617993877991493967e+00 5.026548245743669430e-01 8.680579998326720670e-03
2.617993877991493967e+00 7.539822368615504145e-01 7.617459999892162159e-03
2.617993877991493967e+00 1.005309649148733886e+00 7.990139998582890257e-03
2.617993877991493967e+00 1.256637061435917246e+00 1.048205999904894270e-02
2.617993877991493967e+00 1.507964473723100607e+00 1.100224000037997030e-02
2.617993877991493967e+00 1.759291886010283967e+00 8.065889998761122115e-03
2.617993877991493967e+00 2.010619298297467328e+00 8.142020000377669930e-03
2.617993877991493967e+00 2.261946710584650688e+00 1.117565999993530568e-02
2.617993877991493967e+00 2.513274122871834049e+00 1.477404999968712218e-02
2.617993877991493967e+00 2.764601535159017409e+00 1.691275999837671407e-02
2.617993877991493967e+00 3.015928947446200770e+00 2.174852999996801373e-02
2.617993877991493967e+00 3.267256359733384130e+00 2.694712999982584734e-02
2.617993877991493967e+00 3.518583772020567491e+00 1.866132999930414371e-02
2.617993877991493967e+00 3.769911184307750851e+00 1.179427000170107931e-02
2.617993877991493967e+00 4.021238596594934656e+00 1.185434999933931977e-02
2.617993877991493967e+00 4.272566008882118460e+00 1.062766999893938191e-02
2.617993877991493967e+00 4.523893421169302265e+00 6.449689999499241821e-03
2.617993877991493967e+00 4.775220833456486069e+00 2.846449999196920544e-03
2.617993877991493967e+00 5.026548245743669874e+00 1.956289999725413509e-03
2.617993877991493967e+00 5.277875658030853678e+00 5.956089999017422087e-03
2.617993877991493967e+00 5.529203070318037483e+00 1.127346999965084251e-02
2.617993877991493967e+00 5.780530482605221287e+00 1.087834999998449348e-02
2.617993877991493967e+00 6.031857894892405092e+00 8.969329999672481790e-03
2.748893571891068532e+00 0.000000000000000000e+00 7.520470000599743798e-03
2.748893571891068532e+00 3.306939635357676877e-01 9.058729998287162744e-03
2.748893571891068532e+00 6.613879270715353753e-01 1.405997999972896650e-02
2.748893571891068532e+00 9.920818906073030075e-01 9.920310001689358614e-03
2.748893571891068532e+00 1.322775854143070751e+00 7.903649999207118526e-03
2.748893571891068532e+00 1.653469817678838494e+00 1.137890000063634943e-02
2.748893571891068532e+00 1.984163781214606237e+00 1.487456999893765897e-02
2.748893571891068532e+00 2.314857744750373758e+00 1.606419999916397501e-02
2.748893571891068532e+00 2.645551708286141501e+00 1.538118999997095671e-02
2.748893571891068532e+00 2.976245671821909244e+00 9.509429999525309540e-03
2.748893571891068532e+00 3.306939635357676988e+00 7.182089999332674779e-03
2.748893571891068532e+00 3.637633598893444731e+00 6.481689999418449588e-03
2.748893571891068532e+00 3.968327562429212474e+00 3.305819998786319047e-03
2.748893571891068532e+00 4.299021525964979773e+00 8.691000002727378160e-04
2.748893571891068532e+00 4.629715489500747516e+00 3.439659998548449948e-03
2.748893571891068532e+00 4.960409453036515259e+00 1.103067999974882696e-02
2.748893571891068532e+00 5.291103416572283002e+00 1.072294999903533608e-02
2.748893571891068532e+00 5.621797380108050746e+00 8.334689999173860997e-03
2.748893571891068532e+00 5.952491343643818489e+00 7.506029998694430105e-03
2.879793265790643098e+00 0.000000000000000000e+00 1.391644999966956675e-02
2.879793265790643098e+00 4.833219467061219965e-01 9.985419999793521129e-03
2.879793265790643098e+00 9.666438934122439930e-01 8.679199998368858360e-03
2.879793265790643098e+00 1.449965840118365934e+00 1.394576999882701784e-02
2.879793265790643098e+00 1.933287786824487986e+00 1.342681999994965736e-02
2.879793265790643098e+00 2.416609733530609816e+00 8.193349998691701330e-03
2.879793265790643098e+00 2.899931680236731868e+00 5.673639998349244706e-03
2.879793265790643098e+00 3.383253626942853920e+00 4.351719999249326065e-03
2.879793265790643098e+00 3.866575573648975972e+00 6.818899983045412228e-04
2.879793265790643098e+00 4.349897520355098024e+00 7.215729998279130086e-03
2.879793265790643098e+00 4.833219467061219632e+00 1.199309999901743140e-02
2.879793265790643098e+00 5.316541413767341240e+00 8.110779999697115272e-03
2.879793265790643098e+00 5.799863360473462848e+00 8.933119999710470438e-03
3.010692959690217663e+00 0.000000000000000000e+00 8.353669998541590758e-03
3.010692959690217663e+00 8.975979010256551760e-01 1.433515999997325707e-02
3.010692959690217663e+00 1.795195802051310352e+00 9.148770001047523692e-03
3.010692959690217663e+00 2.692793703076965528e+00 8.759840000493568368e-03
3.010692959690217663e+00 3.590391604102620704e+00 3.325269999550073408e-03
3.010692959690217663e+00 4.487989505128275880e+00 1.097065999965707306e-02
3.010692959690217663e+00 5.385587406153931056e+00 9.760369999639806338e-03
3.141592653589792228e+00 0.000000000000000000e+00 9.824019998632138595e-03
