4.161384085996652771e-02
-1.682173278825444852e-04
2.958187207029202410e-05
-3.291886538230972322e-04
1.414033945705058947e-04
1.217916158784337010e-04
1.732321423577296330e-04
-2.577432695740931932e-04
5.023958672540506141e-05
-2.934586264590258436e-04
1.664357138941303222e-04
-7.279081580869382721e-04
-1.331759386100802005e-04
-1.071535823593477467e-03
-5.220934759960132521e-05
3.807898762934104229e-04
2.360822555878572281e-04
-7.941716202403265295e-04
4.634124800039343467e-04
-1.917679380238233790e-04
4.804534659174967927e-04
-1.171945756074815903e-04
9.132918459187664795e-05
-6.758106906628595818e-04
4.040650289485651176e-04
-2.440811165025654850e-04
-3.114078156250551068e-04
1.061163848555090293e-03
1.867855771718871015e-04
-8.547909777267086433e-04
-3.446216224204985842e-04
-1.619366559097909150e-03
1.194068946241887098e-04
-9.672418822043339767e-04
1.943023558319054828e-04
7.146193336834561068e-05
-1.476519298792007659e-05
-1.102736716595324956e-04
3.411265274627780716e-04
1.294498969926261966e-03
1.499643355429107526e-03
-7.212086081106613110e-04
1.681743623243844366e-04
4.999362342939914130e-04
5.912868472625138405e-04
1.489214676015122776e-03
7.880928897181830282e-04
-8.740645098735865199e-04
-5.499661035864101600e-05
7.779504485195092565e-05
-4.722288274251068303e-05
-9.836483337183161632e-04
1.905911051973660552e-04
-2.116266212842010403e-03
9.605887618003821748e-04
-5.206237657050422378e-04
-8.465571695789050151e-04
-1.120637521153901566e-03
3.312614855531793813e-04
2.083594876283763244e-03
-7.745105580835414121e-05
3.455894909028665076e-05
-3.195512522102472654e-05
-9.281443592017011484e-05
1.260549974029326076e-05
4.126288801642619293e-05
7.816534008255667399e-05
1.927176753574542239e-05
-8.500669651219217417e-04
-2.262162323561545466e-03
1.244082032911501302e-03
-2.270832068081840485e-03
-1.095550373002286785e-04
4.242836244545303108e-04
3.204939253884845729e-04
-2.734753260459569634e-03
-6.870372000220119086e-04
-7.228056084110207578e-04
1.037714185279696661e-04
-2.196730233820032112e-05
-1.927422811461766304e-04
-2.847867110216696900e-05
1.023329195673284772e-03
7.296731853032365324e-05
1.150551109079514175e-04
-1.135720591299114708e-03
2.532567310469931122e-04
2.994889271863535735e-03
-1.061044403265892604e-03
1.141227636946079513e-03
6.826446483043340364e-05
-2.155884793897374437e-04
2.787814480243376754e-03
-2.697938550678838886e-03
-7.124047833532598138e-05
3.509694854373740210e-04
-3.410906642657585575e-04
-1.767105454669879372e-04
1.860478143333737394e-04
-1.225860942850008628e-05
6.013739967178295719e-06
-4.458545982126448700e-05
8.475023782706194494e-05
4.281899196760683085e-04
-5.691852819276738259e-05
-1.104889459409360989e-04
8.859044602993888491e-04
3.309200707215232112e-03
1.998885951738957334e-03
-5.174630698641430240e-04
-1.126518501422466879e-03
4.082472828456617918e-05
1.547891474477431327e-03
3.213064390202044138e-03
4.744108698189113756e-04
-5.260164066506832058e-04
-2.551349956618533259e-05
3.339896696639163640e-04
5.992590238562120258e-06
-4.142799088390045244e-05
4.821929348060253876e-05
1.911384622487269787e-05
4.083203139455785662e-05
4.247173355309212365e-05
9.451072361899664999e-04
-1.040876490614395993e-04
-2.800877516520865369e-05
8.348621188585887871e-04
-3.792926576338981164e-04
-3.980822536220835275e-03
3.557079413264203774e-04
6.592904587482262941e-05
-3.840076231713340457e-04
8.046891135019540713e-04
2.044956529474116144e-03
4.389888796854672301e-03
-3.675374170685105071e-04
-3.077409795550670830e-04
6.942650201711963185e-04
-2.216257810971927647e-04
-6.643948159103585448e-05
-7.874096541455963695e-05
1.340288902132365798e-05
7.294512079648120305e-05
-1.805890688205550034e-05
4.465555595018811958e-05
4.340218584070323427e-05
-1.349295271365422025e-04
-1.994711529453236168e-04
6.735063694389561376e-04
5.723247605722709937e-04
1.641584658863361515e-04
-1.278292949183313428e-03
-2.256418825602364304e-03
-1.962671216363742061e-03
-5.749239122794170187e-04
-2.135230028054538624e-04
-9.895338775074559272e-04
-8.882377998841854173e-04
-3.107383368286016287e-03
-1.082603563367878514e-03
5.364697576357643771e-04
3.251103844548238072e-04
-3.076888591861729719e-04
1.342521730223221249e-05
1.966701325953951933e-04
5.392216612201287734e-05
-5.693495208716377456e-05
-9.240287832369365846e-08
-2.076397820647749755e-05
3.683320115684419067e-05
1.391716006482663129e-04
-1.579143451929381913e-04
-1.334069041910382076e-04
-8.646739400337750438e-04
4.804938705913468656e-04
4.979198552416893046e-05
9.050279590895013741e-04
-7.314120235765548487e-04
2.083525662994493207e-03
-1.830409770580508112e-03
-5.358209883724873181e-05
2.224229822943129262e-04
-1.775062623040155757e-04
2.589867584219439356e-03
-2.142105410014186716e-03
2.496326582110623259e-04
2.228916153037517069e-04
-2.356542496311688894e-04
-7.172663400612793068e-04
2.128287937091261496e-04
5.041956210432974430e-04
-1.543242112845189960e-04
2.342817453713602572e-05
4.560896701429921680e-05
3.498763762971594977e-06
-1.395982643645731851e-05
1.467070057104583004e-05
8.754646226794541740e-05
-4.992049986527288168e-05
-1.174619524705923252e-04
1.180606717544628375e-04
3.368663968553737686e-04
8.377256134509736057e-04
-6.382635986478339121e-04
-3.162858007079762937e-04
1.828361590685916548e-04
2.081129053548120937e-03
-1.685563136843269954e-03
5.790108565707295218e-04
1.498518892496197125e-04
1.959998993342098911e-05
-7.823714221440495557e-04
2.407154930861753889e-03
5.026031099124922061e-04
-7.200789394944109509e-04
-4.061708214370560394e-04
2.930649201578241743e-04
-1.082790917840220852e-04
-2.570039245124782976e-04
-1.982195293032375726e-04
1.262056379667702069e-04
9.214382880218049293e-05
-5.663457694422867946e-05
3.308084972654176258e-05
-2.248733448661799925e-05
-7.742151496229442154e-06
9.524038929227589484e-05
-1.350575867943890171e-04
-2.057923398570938808e-04
6.252230134598632701e-05
2.658678260224965856e-04
-5.224939530256457725e-04
-1.275097473856733575e-04
-2.929468016812849249e-04
-8.538719335546380781e-04
8.045078546997996914e-05
5.600659509309886819e-04
9.831681456794016775e-04
-2.818755975103560876e-06
-5.234358652481281831e-04
-2.934377106312239126e-04
-1.199167929979979099e-04
-1.046072513229347580e-03
-5.264311162598194274e-04
8.277180990722097110e-05
5.735504905321041217e-04
-3.161349879603181346e-04
-9.911707755086237204e-05
-2.030471459275510039e-04
1.746103676358382322e-04
6.055881976423161989e-05
-1.704988998921731140e-04
-1.137397012615711813e-04
4.824500684442545404e-05
1.349346541286205927e-05
-2.399479058537572375e-05
4.096670236731234181e-05
9.397524655803765224e-05
-1.303253364483547821e-04
-1.311500612622976060e-04
4.081513061739139563e-05
2.436254844885276109e-04
-1.248870343638464162e-04
-1.591293696559927331e-04
1.382426825105509600e-04
6.868991500323848830e-04
7.774478019337681552e-05
1.007758563505847110e-03
1.800864076079283825e-03
-8.866575257310234989e-04
2.637462299013987321e-04
-1.089079200038341481e-04
2.873240061486146465e-04
-1.278287744470280149e-04
1.943747954760481405e-03
1.494728558695956216e-05
2.434413859673103609e-04
1.291231265863360621e-04
-6.894041129217477054e-05
1.200412250768605627e-04
1.284638699289354939e-04
4.027583633129198373e-05
-1.094912121938888968e-04
-1.486118067591034688e-04
1.395936491584405742e-04
8.330453490749240540e-05
-4.554168029437748828e-05
-1.198508705468702808e-05
-1.838551682346944527e-05
4.443573337734025132e-05
1.056801744638303500e-04
-1.008272345321845282e-04
-1.596519965616249631e-04
1.005337000786154210e-04
2.003007582681995218e-04
-1.569320424058114278e-04
-6.512887097132762960e-05
3.673307182329570717e-04
6.752156663065935101e-07
3.738337378256337707e-06
6.499381486667555252e-05
5.842217493527582326e-04
-1.148071024446945844e-03
3.723498299720544823e-03
5.602968324850987093e-04
-1.074348632526070943e-03
3.321910467206029907e-04
-2.297465273200803831e-03
4.027454720780401050e-04
-1.749891665885614173e-03
-3.338959099177779121e-04
-6.603270585212432393e-04
-1.759177533009208445e-04
2.434098642456028038e-04
-2.493243176953682631e-04
-8.127995834293259099e-05
-1.216782608235960207e-04
1.443248908086400511e-04
1.086013753115285045e-04
-1.256689498578710993e-04
-7.790332878803416829e-05
4.230703023820751353e-05
-5.457195341478539698e-06
-2.525656349274029225e-05
5.849811564079455571e-05
1.108877242399360053e-04
-1.359579228288136632e-04
-1.638556735175659062e-04
7.173688306338790819e-05
1.273231232822026300e-04
-2.058767085561918203e-05
-3.427794664788544375e-05
-4.116174308434536596e-05
-1.658587711062901589e-04
-2.911910149082082917e-04
-2.647363337828285870e-04
5.749235149049013475e-04
6.267532631584720858e-04
-2.300214207008643812e-03
-3.951851714781360984e-04
-8.643425199624239601e-04
-1.079738451616491798e-04
-6.547836012699634334e-04
2.114746062824299016e-04
-3.366584897207066177e-03
-1.268660693831790646e-03
1.348134095078104425e-03
1.881766295302177725e-04
1.199720606625955888e-04
1.412498985402624611e-04
-1.144438356707555646e-06
1.012304630137144236e-04
1.731879273729713779e-06
9.675960948671221166e-05
-1.176879898281121611e-04
-1.171728207331556681e-04
1.041318673739354624e-04
7.418350608401268697e-05
-3.721959968106935274e-05
-9.072765281893645521e-06
-2.901942025591207558e-05
5.907993909503580577e-05
1.107201196334382440e-04
-1.425048894070472816e-04
-1.649599522614653233e-04
9.821264107458965460e-05
1.250167473888111423e-04
-1.149050822978472464e-04
2.802656462405828846e-05
-4.972552419028853591e-05
-2.576257183110371033e-05
-1.076895384641592254e-04
-1.782357204362196366e-04
1.279732386902615419e-04
-5.812309871278331045e-04
-7.730235873121399631e-04
1.815656397783285822e-03
-2.753324325208925680e-04
8.886756509530010411e-04
-4.193651882115596668e-04
-4.083203785062511837e-04
6.070238830232361745e-04
-2.119772488940354586e-03
6.715068496902124951e-04
2.185364699419395796e-04
7.412017210882855794e-04
2.502367299354902870e-04
7.141530613611398338e-05
5.426278150389635731e-04
-1.741604806484802447e-05
-1.671937702660369852e-04
-3.738694324810731785e-05
-8.237947384919311073e-05
9.096227829237567633e-05
9.781919408987206979e-05
-9.178857882330545767e-05
-5.092570478134697564e-05
3.782742196117153187e-05
9.107108292639334141e-06
-3.074492452982067721e-05
5.900851903238297884e-05
1.235775169203486067e-04
-1.514451327285006596e-04
-1.607442540675595166e-04
9.507003210728226950e-05
9.307978848460273132e-05
-1.246041056956136671e-05
1.041357839062683399e-04
-1.279859722716112052e-04
-1.407074718090813937e-04
6.105523536075459050e-04
1.974702430908996148e-04
3.327929899397923520e-04
2.068222274947556245e-04
-4.692740057489219480e-04
1.101115647175626624e-03
-6.071712955452864772e-04
1.683768839369987995e-03
-9.113718926643315718e-04
-4.627897502695980936e-04
-5.758904296763103911e-04
1.454691128428744996e-03
-5.883634830607610468e-04
-2.653990354291731429e-04
-1.745255467361144387e-03
7.628899991005843760e-05
-8.363877715092122699e-05
-8.175279309525030963e-04
-1.473972933510018677e-04
-1.741748148468596677e-04
7.175669254961799040e-05
1.104997040909221355e-04
2.639012981553602978e-05
2.418349182056858714e-05
-7.116355401884464499e-05
-6.905796084011542476e-05
6.974342285535886838e-05
5.507831026540794660e-05
-3.416551456744481522e-05
-6.263523960052460064e-06
-3.503027028700514758e-05
7.156000432110664992e-05
1.249494479638967297e-04
-1.512584816303532559e-04
-1.548615471490806614e-04
8.208041985116116190e-05
5.185958139590030134e-05
-2.079827011140637262e-05
1.187273984701626311e-04
-1.060892270548678749e-04
-1.023868925363447912e-04
3.737264536298997089e-04
-1.384738620353179249e-05
4.142686940113430487e-04
-6.213675056970179543e-04
1.690969429699383346e-04
2.341390956684728884e-04
-2.080014411206231864e-04
-5.335555168053810523e-04
-2.084340187339486870e-03
-1.064938822898555803e-04
1.394690477947609628e-04
5.422225734184176886e-05
2.185499673173362575e-03
7.103297611938948035e-04
7.769893238487206918e-04
-2.212018389886270787e-04
-1.229492144324767847e-03
5.368458542717472956e-04
2.507660409784167091e-04
-5.674270881910266524e-04
6.930119355817092146e-05
2.233798374157396202e-04
-3.090099414848688619e-05
-5.785574244797639712e-05
-8.980923650792798155e-07
-2.619670015139137715e-06
5.231386818298471714e-05
6.158129620597858726e-05
-6.160411274475693227e-05
-4.300888841802044411e-05
2.559180242282560643e-05
4.813400889437310926e-06
-3.365747020260003407e-05
7.089700138576205193e-05
1.282853338955044890e-04
-1.483162922042939179e-04
-1.540001413267249025e-04
7.081422919036754770e-05
2.858356591546155369e-05
5.308428353437448163e-06
1.561844867384862615e-04
-1.212542789446074856e-04
-1.166167968422146040e-04
2.516240311081066388e-04
9.477976767868117117e-06
-6.622285092381351157e-05
-3.229677638023418628e-04
3.850418600331964895e-05
-1.975575098420639724e-04
-8.210964261219842156e-05
-1.223871014237025044e-04
9.306834259173074652e-04
1.034560941662024088e-03
1.218517561495216115e-03
-6.025902796029693198e-04
3.532259380784888913e-04
9.762855139154471120e-04
2.205555226176578003e-03
6.017358439447268175e-05
-2.983084392819905072e-04
-4.697147578104011643e-05
6.669539030396947482e-04
9.135810424018072241e-04
-1.669691633724901172e-04
2.194624110339200016e-04
-1.896465120814109866e-05
-1.553168381109901837e-04
2.247882071336503636e-05
1.196807643264734700e-04
-1.348400591177586517e-05
-1.203154824722915727e-05
-4.678874818467488629e-05
-4.547516253894661083e-05
4.698337392247347010e-05
2.643213574539405848e-05
-2.445007948311830014e-05
-5.393063905555564586e-06
-3.417581917322607543e-05
8.342546898582975335e-05
1.244705110179499669e-04
-1.510131224459601356e-04
-1.484095930020286206e-04
5.926092548225577123e-05
4.352179036393351297e-06
3.018611974324878953e-05
1.615252547719466317e-04
-1.183285862544873482e-04
-1.083799167839221344e-04
9.555912926607836207e-05
2.484487917366382361e-05
6.030476741797227919e-05
4.113906162447520352e-06
-6.777928937460943630e-04
-5.350282792535012918e-04
-9.910514106752077706e-05
-2.095061683998784971e-04
7.209999309510600014e-04
-1.438083219615120516e-03
2.576250489974169292e-03
-5.559154908943222950e-04
-2.004521525866383852e-03
2.264599525301325502e-04
-1.109940032775665877e-03
1.851599567154740052e-03
3.830630516964049709e-04
-3.635042712232449888e-04
1.323533223275164851e-03
5.985170903928282212e-04
-5.480330428226026307e-04
5.530731431805427888e-04
2.153267179628277038e-04
-1.988848588079557419e-04
-4.105574590028177213e-05
1.253142016015629853e-04
-1.536847116960439637e-05
-1.002905520994497117e-04
4.754199016398889810e-06
1.581716159712543909e-05
2.378577857982573651e-05
2.865904286185148994e-05
-3.863209281684668907e-05
-2.687839760519404478e-05
1.806647478549419043e-05
4.294809371119994237e-06
7.970143208381193872e-19
7.299642384771632519e-19
-4.972445031538768582e-19
-1.296782215921561248e-19
-5.120005732876963422e-19
-1.501403738073631209e-19
-2.122655639241207868e-19
-4.414427736832999097e-19
-5.037883153255544446e-19
-3.395833466022469750e-19
9.607569131408346488e-19
-8.285846181339428058e-19
1.943885463498521399e-19
-4.626122890423175351e-19
2.773872289075882795e-19
6.293821996954256213e-19
-5.298348126441064714e-19
3.630178265530088913e-19
8.476549855787335829e-19
1.069608929346269591e-18
1.908943306047257666e-18
9.967597459611359434e-19
-2.874722415744745931e-19
-5.884287993261324468e-19
-2.675788827269757042e-20
1.672609215458591058e-19
-1.817401889787004982e-19
-1.002546448684198183e-18
-8.061408521540162486e-19
-4.885580848951991177e-19
4.231875142250165765e-19
2.321405758911473733e-19
-1.368456195451372306e-19
1.408089923803082294e-18
-6.041305756073444014e-19
-2.183577564719649431e-19
4.316149902746643725e-20
6.208946282824313814e-19
-2.323122281945806751e-19
-7.030660545382790302e-19
-1.316820796494620966e-19
-1.778175876482604303e-19
2.610515210230146541e-20
-2.989989252680435560e-19
-6.019448830059269785e-19
-1.610938040257635984e-19
-6.617056760615387608e-19
-4.963228981261712948e-19
1.133978645046290397e-18
